0,1,0.5
2.0499e-08,1,0.50001
4.0998e-08,0.99999,0.50001
6.1498e-08,0.99999,0.50002
8.1997e-08,0.99999,0.50002
1.8449e-07,0.99997,0.50005
2.8699e-07,0.99995,0.50008
3.8948e-07,0.99993,0.50012
4.9198e-07,0.99991,0.50015
1.0045e-06,0.99983,0.5003
1.5169e-06,0.99974,0.50045
2.0294e-06,0.99965,0.5006
2.5419e-06,0.99956,0.50075
5.1043e-06,0.99912,0.50151
7.6667e-06,0.99868,0.50227
1.0229e-05,0.99824,0.50303
1.2791e-05,0.99781,0.50379
2.5603e-05,0.99565,0.50758
3.8415e-05,0.99354,0.51137
5.1227e-05,0.99146,0.51516
6.4039e-05,0.98942,0.51894
0.0001281,0.97978,0.53783
0.00019216,0.97099,0.55657
0.00025622,0.96297,0.5751
0.00032028,0.95567,0.59336
0.00060186,0.93072,0.66882
0.00088344,0.91514,0.73526
0.001165,0.90646,0.79156
0.0014466,0.90268,0.83659
0.0017144,0.90233,0.86937
0.0019821,0.90441,0.89442
0.0022499,0.90817,0.91308
0.0025177,0.9128,0.92661
0.0028154,0.91817,0.93727
0.003113,0.92361,0.94451
0.0034107,0.9289,0.94913
0.0037084,0.93368,0.95206
0.0040131,0.93782,0.95407
0.0043179,0.94136,0.95528
0.0046226,0.94437,0.95589
0.0049273,0.94685,0.95618
0.005312,0.94925,0.95644
0.0056967,0.95108,0.9565
0.0060813,0.95248,0.95639
0.006466,0.95351,0.95625
0.0069597,0.9544,0.95624
0.0074534,0.95499,0.9562
0.0079471,0.95537,0.95609
0.0084408,0.95562,0.95601
0.0089408,0.95577,0.95602
0.0094408,0.95587,0.95602
0.0099408,0.95592,0.95602
0.010441,0.95596,0.95601
0.010941,0.95598,0.95601
0.011441,0.956,0.95602
0.011941,0.95601,0.95602
0.012441,0.95601,0.95602
0.012941,0.95602,0.95602
0.013441,0.95602,0.95602
0.013941,0.95602,0.95602
0.014441,0.95602,0.95602
0.014941,0.95602,0.95602
0.015441,0.95602,0.95602
0.015941,0.95602,0.95602
0.016441,0.95602,0.95602
0.016941,0.95602,0.95602
0.017441,0.95602,0.95602
0.017941,0.95602,0.95602
0.018441,0.95602,0.95602
0.018831,0.95602,0.95602
0.01922,0.95602,0.95602
0.01961,0.95602,0.95602
0.02,0.95602,0.95602
