0,0
2.0499e-08,-7.9901e-06
4.0998e-08,-1.598e-05
6.1498e-08,-2.3969e-05
8.1997e-08,-3.1959e-05
1.8449e-07,-7.19e-05
2.8699e-07,-0.00011183
3.8948e-07,-0.00015176
4.9198e-07,-0.00019168
1.0045e-06,-0.00039115
1.5169e-06,-0.00059042
2.0294e-06,-0.00078949
2.5419e-06,-0.00098837
5.1043e-06,-0.0019798
7.6667e-06,-0.0029664
1.0229e-05,-0.0039481
1.2791e-05,-0.004925
2.5603e-05,-0.0097375
3.8415e-05,-0.014432
5.1227e-05,-0.019011
6.4039e-05,-0.023477
0.0001281,-0.044192
0.00019216,-0.062411
0.00025622,-0.078378
0.00032028,-0.092311
0.00060186,-0.13404
0.00088344,-0.15191
0.001165,-0.15433
0.0014466,-0.14722
0.0017144,-0.1354
0.0019821,-0.12093
0.0022499,-0.10533
0.0025177,-0.090071
0.0028154,-0.074794
0.003113,-0.06114
0.0034107,-0.049024
0.0037084,-0.038816
0.0040131,-0.030515
0.0043179,-0.023772
0.0046226,-0.018281
0.0049273,-0.013935
0.005312,-0.0098949
0.0056967,-0.0069542
0.0060813,-0.0047859
0.006466,-0.0032483
0.0069597,-0.0019773
0.0074534,-0.0011783
0.0079471,-0.00069441
0.0084408,-0.00041112
0.0089408,-0.00023703
0.0094408,-0.00013207
0.0099408,-7.737e-05
0.010441,-4.8057e-05
0.010941,-2.634e-05
0.011441,-1.3674e-05
0.011941,-8.0146e-06
0.012441,-5.294e-06
0.012941,-2.7126e-06
0.013441,-1.2625e-06
0.013941,-7.4023e-07
0.014441,-5.3788e-07
0.014941,-2.4796e-07
0.015441,-9.262e-08
0.015941,-5.4343e-08
0.016441,-4.8016e-08
0.016941,-1.7755e-08
0.017441,-2.6196e-09
0.017941,-1.545e-09
0.018441,-3.2351e-09
0.018831,-1.1854e-09
0.01922,-8.8157e-11
0.01961,2.6874e-10
0.02,3.4652e-10
