0,3.1415
1e-05,3.1415
2e-05,3.1414
3e-05,3.1414
4e-05,3.1414
5e-05,3.1414
6e-05,3.1413
7e-05,3.1413
8e-05,3.1413
9e-05,3.1413
0.0001,3.1412
0.00011,3.1412
0.00012,3.1412
0.00013,3.1411
0.00014,3.1411
0.00015,3.1411
0.00016,3.141
0.00017,3.141
0.00018,3.141
0.00019,3.141
0.0002,3.1409
0.00021,3.1409
0.00022,3.1409
0.00023,3.1408
0.00024,3.1408
0.00025,3.1408
0.00026,3.1407
0.00027,3.1407
0.00028,3.1407
0.00029,3.1406
0.0003,3.1406
0.00031,3.1406
0.00032,3.1405
0.00033,3.1405
0.00034,3.1404
0.00035,3.1404
0.00036,3.1404
0.00037,3.1403
0.00038,3.1403
0.00039,3.1403
0.0004,3.1402
0.00041,3.1402
0.00042,3.1401
0.00043,3.1401
0.00044,3.1401
0.00045,3.14
0.00046,3.14
0.00047,3.14
0.00048,3.1399
0.00049,3.1399
0.0005,3.1398
0.00051,3.1398
0.00052,3.1397
0.00053,3.1397
0.00054,3.1397
0.00055,3.1396
0.00056,3.1396
0.00057,3.1395
0.00058,3.1395
0.00059,3.1395
0.0006,3.1394
0.00061,3.1394
0.00062,3.1393
0.00063,3.1393
0.00064,3.1392
0.00065,3.1392
0.00066,3.1391
0.00067,3.1391
0.00068,3.139
0.00069,3.139
0.0007,3.1389
0.00071,3.1389
0.00072,3.1389
0.00073,3.1388
0.00074,3.1388
0.00075,3.1387
0.00076,3.1387
0.00077,3.1386
0.00078,3.1386
0.00079,3.1385
0.0008,3.1385
0.00081,3.1384
0.00082,3.1384
0.00083,3.1383
0.00084,3.1383
0.00085,3.1382
0.00086,3.1381
0.00087,3.1381
0.00088,3.138
0.00089,3.138
0.0009,3.1379
0.00091,3.1379
0.00092,3.1378
0.00093,3.1378
0.00094,3.1377
0.00095,3.1377
0.00096,3.1376
0.00097,3.1375
0.00098,3.1375
0.00099,3.1374
0.001,3.1374
0.00101,3.1373
0.00102,3.1373
0.00103,3.1372
0.00104,3.1371
0.00105,3.1371
0.00106,3.137
0.00107,3.137
0.00108,3.1369
0.00109,3.1368
0.0011,3.1368
0.00111,3.1367
0.00112,3.1366
0.00113,3.1366
0.00114,3.1365
0.00115,3.1365
0.00116,3.1364
0.00117,3.1363
0.00118,3.1363
0.00119,3.1362
0.0012,3.1361
0.00121,3.1361
0.00122,3.136
0.00123,3.1359
0.00124,3.1359
0.00125,3.1358
0.00126,3.1357
0.00127,3.1357
0.00128,3.1356
0.00129,3.1355
0.0013,3.1355
0.00131,3.1354
0.00132,3.1353
0.00133,3.1353
0.00134,3.1352
0.00135,3.1351
0.00136,3.135
0.00137,3.135
0.00138,3.1349
0.00139,3.1348
0.0014,3.1348
0.00141,3.1347
0.00142,3.1346
0.00143,3.1345
0.00144,3.1345
0.00145,3.1344
0.00146,3.1343
0.00147,3.1342
0.00148,3.1342
0.00149,3.1341
0.0015,3.134
0.00151,3.1339
0.00152,3.1339
0.00153,3.1338
0.00154,3.1337
0.00155,3.1336
0.00156,3.1335
0.00157,3.1335
0.00158,3.1334
0.00159,3.1333
0.0016,3.1332
0.00161,3.1331
0.00162,3.133
0.00163,3.133
0.00164,3.1329
0.00165,3.1328
0.00166,3.1327
0.00167,3.1326
0.00168,3.1325
0.00169,3.1324
0.0017,3.1324
0.00171,3.1323
0.00172,3.1322
0.00173,3.1321
0.00174,3.132
0.00175,3.1319
0.00176,3.1318
0.00177,3.1317
0.00178,3.1317
0.00179,3.1316
0.0018,3.1315
0.00181,3.1314
0.00182,3.1313
0.00183,3.1312
0.00184,3.1311
0.00185,3.131
0.00186,3.1309
0.00187,3.1308
0.00188,3.1307
0.00189,3.1306
0.0019,3.1305
0.00191,3.1304
0.00192,3.1303
0.00193,3.1302
0.00194,3.1301
0.00195,3.13
0.00196,3.1299
0.00197,3.1298
0.00198,3.1297
0.00199,3.1296
0.002,3.1295
0.00201,3.1294
0.00202,3.1293
0.00203,3.1292
0.00204,3.1291
0.00205,3.129
0.00206,3.1289
0.00207,3.1288
0.00208,3.1287
0.00209,3.1286
0.0021,3.1285
0.00211,3.1284
0.00212,3.1283
0.00213,3.1282
0.00214,3.1281
0.00215,3.128
0.00216,3.1279
0.00217,3.1278
0.00218,3.1277
0.00219,3.1276
0.0022,3.1275
0.00221,3.1273
0.00222,3.1272
0.00223,3.1271
0.00224,3.127
0.00225,3.1269
0.00226,3.1268
0.00227,3.1267
0.00228,3.1266
0.00229,3.1265
0.0023,3.1264
0.00231,3.1262
0.00232,3.1261
0.00233,3.126
0.00234,3.1259
0.00235,3.1258
0.00236,3.1257
0.00237,3.1256
0.00238,3.1254
0.00239,3.1253
0.0024,3.1252
0.00241,3.1251
0.00242,3.125
0.00243,3.1249
0.00244,3.1248
0.00245,3.1246
0.00246,3.1245
0.00247,3.1244
0.00248,3.1243
0.00249,3.1242
0.0025,3.1241
0.00251,3.1239
0.00252,3.1238
0.00253,3.1237
0.00254,3.1236
0.00255,3.1235
0.00256,3.1233
0.00257,3.1232
0.00258,3.1231
0.00259,3.123
0.0026,3.1229
0.00261,3.1228
0.00262,3.1226
0.00263,3.1225
0.00264,3.1224
0.00265,3.1223
0.00266,3.1222
0.00267,3.122
0.00268,3.1219
0.00269,3.1218
0.0027,3.1217
0.00271,3.1215
0.00272,3.1214
0.00273,3.1213
0.00274,3.1212
0.00275,3.1211
0.00276,3.1209
0.00277,3.1208
0.00278,3.1207
0.00279,3.1206
0.0028,3.1205
0.00281,3.1203
0.00282,3.1202
0.00283,3.1201
0.00284,3.12
0.00285,3.1199
0.00286,3.1197
0.00287,3.1196
0.00288,3.1195
0.00289,3.1194
0.0029,3.1192
0.00291,3.1191
0.00292,3.119
0.00293,3.1189
0.00294,3.1188
0.00295,3.1186
0.00296,3.1185
0.00297,3.1184
0.00298,3.1183
0.00299,3.1182
0.003,3.118
0.00301,3.1179
0.00302,3.1178
0.00303,3.1177
0.00304,3.1176
0.00305,3.1174
0.00306,3.1173
0.00307,3.1172
0.00308,3.1171
0.00309,3.117
0.0031,3.1169
0.00311,3.1167
0.00312,3.1166
0.00313,3.1165
0.00314,3.1164
0.00315,3.1163
0.00316,3.1161
0.00317,3.116
0.00318,3.1159
0.00319,3.1158
0.0032,3.1157
0.00321,3.1156
0.00322,3.1155
0.00323,3.1153
0.00324,3.1152
0.00325,3.1151
0.00326,3.115
0.00327,3.1149
0.00328,3.1148
0.00329,3.1147
0.0033,3.1146
0.00331,3.1144
0.00332,3.1143
0.00333,3.1142
0.00334,3.1141
0.00335,3.114
0.00336,3.1139
0.00337,3.1138
0.00338,3.1137
0.00339,3.1136
0.0034,3.1135
0.00341,3.1134
0.00342,3.1133
0.00343,3.1131
0.00344,3.113
0.00345,3.1129
0.00346,3.1128
0.00347,3.1127
0.00348,3.1126
0.00349,3.1125
0.0035,3.1124
0.00351,3.1123
0.00352,3.1122
0.00353,3.1121
0.00354,3.112
0.00355,3.1119
0.00356,3.1118
0.00357,3.1117
0.00358,3.1117
0.00359,3.1116
0.0036,3.1115
0.00361,3.1114
0.00362,3.1113
0.00363,3.1112
0.00364,3.1111
0.00365,3.111
0.00366,3.1109
0.00367,3.1108
0.00368,3.1107
0.00369,3.1107
0.0037,3.1106
0.00371,3.1105
0.00372,3.1104
0.00373,3.1103
0.00374,3.1103
0.00375,3.1102
0.00376,3.1101
0.00377,3.11
0.00378,3.1099
0.00379,3.1099
0.0038,3.1098
0.00381,3.1097
0.00382,3.1096
0.00383,3.1096
0.00384,3.1095
0.00385,3.1094
0.00386,3.1094
0.00387,3.1093
0.00388,3.1092
0.00389,3.1092
0.0039,3.1091
0.00391,3.109
0.00392,3.109
0.00393,3.1089
0.00394,3.1089
0.00395,3.1088
0.00396,3.1088
0.00397,3.1087
0.00398,3.1086
0.00399,3.1086
0.004,3.1085
0.00401,3.1085
0.00402,3.1084
0.00403,3.1084
0.00404,3.1084
0.00405,3.1083
0.00406,3.1083
0.00407,3.1082
0.00408,3.1082
0.00409,3.1082
0.0041,3.1081
0.00411,3.1081
0.00412,3.1081
0.00413,3.108
0.00414,3.108
0.00415,3.108
0.00416,3.1079
0.00417,3.1079
0.00418,3.1079
0.00419,3.1079
0.0042,3.1078
0.00421,3.1078
0.00422,3.1078
0.00423,3.1078
0.00424,3.1078
0.00425,3.1078
0.00426,3.1078
0.00427,3.1078
0.00428,3.1077
0.00429,3.1077
0.0043,3.1077
0.00431,3.1077
0.00432,3.1077
0.00433,3.1077
0.00434,3.1078
0.00435,3.1078
0.00436,3.1078
0.00437,3.1078
0.00438,3.1078
0.00439,3.1078
0.0044,3.1078
0.00441,3.1078
0.00442,3.1079
0.00443,3.1079
0.00444,3.1079
0.00445,3.1079
0.00446,3.108
0.00447,3.108
0.00448,3.108
0.00449,3.1081
0.0045,3.1081
0.00451,3.1082
0.00452,3.1082
0.00453,3.1082
0.00454,3.1083
0.00455,3.1083
0.00456,3.1084
0.00457,3.1085
0.00458,3.1085
0.00459,3.1086
0.0046,3.1086
0.00461,3.1087
0.00462,3.1088
0.00463,3.1088
0.00464,3.1089
0.00465,3.109
0.00466,3.1091
0.00467,3.1091
0.00468,3.1092
0.00469,3.1093
0.0047,3.1094
0.00471,3.1095
0.00472,3.1096
0.00473,3.1097
0.00474,3.1098
0.00475,3.1099
0.00476,3.11
0.00477,3.1101
0.00478,3.1102
0.00479,3.1103
0.0048,3.1104
0.00481,3.1105
0.00482,3.1106
0.00483,3.1108
0.00484,3.1109
0.00485,3.111
0.00486,3.1111
0.00487,3.1113
0.00488,3.1114
0.00489,3.1116
0.0049,3.1117
0.00491,3.1118
0.00492,3.112
0.00493,3.1121
0.00494,3.1123
0.00495,3.1125
0.00496,3.1126
0.00497,3.1128
0.00498,3.113
0.00499,3.1131
0.005,3.1133
0.00501,3.1135
0.00502,3.1137
0.00503,3.1138
0.00504,3.114
0.00505,3.1142
0.00506,3.1144
0.00507,3.1146
0.00508,3.1148
0.00509,3.115
0.0051,3.1152
0.00511,3.1154
0.00512,3.1156
0.00513,3.1159
0.00514,3.1161
0.00515,3.1163
0.00516,3.1165
0.00517,3.1168
0.00518,3.117
0.00519,3.1173
0.0052,3.1175
0.00521,3.1177
0.00522,3.118
0.00523,3.1182
0.00524,3.1185
0.00525,3.1188
0.00526,3.119
0.00527,3.1193
0.00528,3.1196
0.00529,3.1199
0.0053,3.1201
0.00531,3.1204
0.00532,3.1207
0.00533,3.121
0.00534,3.1213
0.00535,3.1216
0.00536,3.1219
0.00537,3.1222
0.00538,3.1225
0.00539,3.1229
0.0054,3.1232
0.00541,3.1235
0.00542,3.1238
0.00543,3.1242
0.00544,3.1245
0.00545,3.1249
0.00546,3.1252
0.00547,3.1256
0.00548,3.1259
0.00549,3.1263
0.0055,3.1266
0.00551,3.127
0.00552,3.1274
0.00553,3.1278
0.00554,3.1281
0.00555,3.1285
0.00556,3.1289
0.00557,3.1293
0.00558,3.1297
0.00559,3.1301
0.0056,3.1305
0.00561,3.1309
0.00562,3.1314
0.00563,3.1318
0.00564,3.1322
0.00565,3.1327
0.00566,3.1331
0.00567,3.1335
0.00568,3.134
0.00569,3.1344
0.0057,3.1349
0.00571,3.1354
0.00572,3.1358
0.00573,3.1363
0.00574,3.1368
0.00575,3.1373
0.00576,3.1378
0.00577,3.1383
0.00578,3.1388
0.00579,3.1393
0.0058,3.1398
0.00581,3.1403
0.00582,3.1408
0.00583,3.1413
0.00584,3.1419
0.00585,3.1424
0.00586,3.1429
0.00587,3.1435
0.00588,3.144
0.00589,3.1446
0.0059,3.1452
0.00591,3.1457
0.00592,3.1463
0.00593,3.1469
0.00594,3.1475
0.00595,3.148
0.00596,3.1486
0.00597,3.1492
0.00598,3.1499
0.00599,3.1505
0.006,3.1511
0.00601,3.1517
0.00602,3.1523
0.00603,3.153
0.00604,3.1536
0.00605,3.1543
0.00606,3.1549
0.00607,3.1556
0.00608,3.1562
0.00609,3.1569
0.0061,3.1576
0.00611,3.1583
0.00612,3.159
0.00613,3.1597
0.00614,3.1604
0.00615,3.1611
0.00616,3.1618
0.00617,3.1625
0.00618,3.1632
0.00619,3.164
0.0062,3.1647
0.00621,3.1655
0.00622,3.1662
0.00623,3.167
0.00624,3.1677
0.00625,3.1685
0.00626,3.1693
0.00627,3.1701
0.00628,3.1709
0.00629,3.1717
0.0063,3.1725
0.00631,3.1733
0.00632,3.1741
0.00633,3.1749
0.00634,3.1758
0.00635,3.1766
0.00636,3.1775
0.00637,3.1783
0.00638,3.1792
0.00639,3.1801
0.0064,3.1809
0.00641,3.1818
0.00642,3.1827
0.00643,3.1836
0.00644,3.1845
0.00645,3.1854
0.00646,3.1863
0.00647,3.1873
0.00648,3.1882
0.00649,3.1891
0.0065,3.1901
0.00651,3.191
0.00652,3.192
0.00653,3.193
0.00654,3.194
0.00655,3.1949
0.00656,3.1959
0.00657,3.1969
0.00658,3.1979
0.00659,3.199
0.0066,3.2
0.00661,3.201
0.00662,3.202
0.00663,3.2031
0.00664,3.2041
0.00665,3.2052
0.00666,3.2063
0.00667,3.2073
0.00668,3.2084
0.00669,3.2095
0.0067,3.2106
0.00671,3.2117
0.00672,3.2128
0.00673,3.214
0.00674,3.2151
0.00675,3.2162
0.00676,3.2174
0.00677,3.2185
0.00678,3.2197
0.00679,3.2208
0.0068,3.222
0.00681,3.2232
0.00682,3.2244
0.00683,3.2256
0.00684,3.2268
0.00685,3.228
0.00686,3.2292
0.00687,3.2304
0.00688,3.2317
0.00689,3.2329
0.0069,3.2342
0.00691,3.2354
0.00692,3.2367
0.00693,3.238
0.00694,3.2393
0.00695,3.2406
0.00696,3.2419
0.00697,3.2432
0.00698,3.2445
0.00699,3.2458
0.007,3.2471
0.00701,3.2485
0.00702,3.2498
0.00703,3.2512
0.00704,3.2525
0.00705,3.2539
0.00706,3.2553
0.00707,3.2567
0.00708,3.2581
0.00709,3.2595
0.0071,3.2609
0.00711,3.2623
0.00712,3.2637
0.00713,3.2652
0.00714,3.2666
0.00715,3.268
0.00716,3.2695
0.00717,3.271
0.00718,3.2724
0.00719,3.2739
0.0072,3.2754
0.00721,3.2769
0.00722,3.2784
0.00723,3.2799
0.00724,3.2814
0.00725,3.283
0.00726,3.2845
0.00727,3.286
0.00728,3.2876
0.00729,3.2891
0.0073,3.2907
0.00731,3.2923
0.00732,3.2939
0.00733,3.2955
0.00734,3.2971
0.00735,3.2987
0.00736,3.3003
0.00737,3.3019
0.00738,3.3035
0.00739,3.3051
0.0074,3.3068
0.00741,3.3084
0.00742,3.3101
0.00743,3.3118
0.00744,3.3134
0.00745,3.3151
0.00746,3.3168
0.00747,3.3185
0.00748,3.3202
0.00749,3.3219
0.0075,3.3236
0.00751,3.3254
0.00752,3.3271
0.00753,3.3288
0.00754,3.3306
0.00755,3.3323
0.00756,3.3341
0.00757,3.3359
0.00758,3.3376
0.00759,3.3394
0.0076,3.3412
0.00761,3.343
0.00762,3.3448
0.00763,3.3466
0.00764,3.3484
0.00765,3.3503
0.00766,3.3521
0.00767,3.354
0.00768,3.3558
0.00769,3.3577
0.0077,3.3595
0.00771,3.3614
0.00772,3.3633
0.00773,3.3651
0.00774,3.367
0.00775,3.3689
0.00776,3.3708
0.00777,3.3727
0.00778,3.3747
0.00779,3.3766
0.0078,3.3785
0.00781,3.3805
0.00782,3.3824
0.00783,3.3844
0.00784,3.3863
0.00785,3.3883
0.00786,3.3902
0.00787,3.3922
0.00788,3.3942
0.00789,3.3962
0.0079,3.3982
0.00791,3.4002
0.00792,3.4022
0.00793,3.4042
0.00794,3.4062
0.00795,3.4083
0.00796,3.4103
0.00797,3.4123
0.00798,3.4144
0.00799,3.4164
0.008,3.4185
0.00801,3.4206
0.00802,3.4226
0.00803,3.4247
0.00804,3.4268
0.00805,3.4289
0.00806,3.431
0.00807,3.4331
0.00808,3.4352
0.00809,3.4373
0.0081,3.4394
0.00811,3.4415
0.00812,3.4437
0.00813,3.4458
0.00814,3.4479
0.00815,3.4501
0.00816,3.4522
0.00817,3.4544
0.00818,3.4566
0.00819,3.4587
0.0082,3.4609
0.00821,3.4631
0.00822,3.4653
0.00823,3.4674
0.00824,3.4696
0.00825,3.4718
0.00826,3.474
0.00827,3.4762
0.00828,3.4784
0.00829,3.4806
0.0083,3.4829
0.00831,3.4851
0.00832,3.4873
0.00833,3.4895
0.00834,3.4918
0.00835,3.494
0.00836,3.4962
0.00837,3.4985
0.00838,3.5007
0.00839,3.503
0.0084,3.5052
0.00841,3.5075
0.00842,3.5097
0.00843,3.512
0.00844,3.5142
0.00845,3.5165
0.00846,3.5188
0.00847,3.521
0.00848,3.5233
0.00849,3.5256
0.0085,3.5279
0.00851,3.5301
0.00852,3.5324
0.00853,3.5347
0.00854,3.537
0.00855,3.5393
0.00856,3.5415
0.00857,3.5438
0.00858,3.5461
0.00859,3.5484
0.0086,3.5507
0.00861,3.553
0.00862,3.5553
0.00863,3.5576
0.00864,3.5599
0.00865,3.5622
0.00866,3.5645
0.00867,3.5668
0.00868,3.5691
0.00869,3.5714
0.0087,3.5737
0.00871,3.576
0.00872,3.5783
0.00873,3.5806
0.00874,3.5829
0.00875,3.5852
0.00876,3.5875
0.00877,3.5899
0.00878,3.5922
0.00879,3.5945
0.0088,3.5968
0.00881,3.5991
0.00882,3.6014
0.00883,3.6037
0.00884,3.606
0.00885,3.6083
0.00886,3.6106
0.00887,3.6129
0.00888,3.6152
0.00889,3.6175
0.0089,3.6198
0.00891,3.6221
0.00892,3.6244
0.00893,3.6267
0.00894,3.629
0.00895,3.6313
0.00896,3.6336
0.00897,3.6359
0.00898,3.6382
0.00899,3.6405
0.009,3.6428
0.00901,3.6451
0.00902,3.6474
0.00903,3.6497
0.00904,3.652
0.00905,3.6543
0.00906,3.6566
0.00907,3.6588
0.00908,3.6611
0.00909,3.6634
0.0091,3.6657
0.00911,3.668
0.00912,3.6703
0.00913,3.6725
0.00914,3.6748
0.00915,3.6771
0.00916,3.6793
0.00917,3.6816
0.00918,3.6839
0.00919,3.6861
0.0092,3.6884
0.00921,3.6907
0.00922,3.6929
0.00923,3.6952
0.00924,3.6974
0.00925,3.6997
0.00926,3.7019
0.00927,3.7042
0.00928,3.7064
0.00929,3.7086
0.0093,3.7109
0.00931,3.7131
0.00932,3.7154
0.00933,3.7176
0.00934,3.7198
0.00935,3.722
0.00936,3.7243
0.00937,3.7265
0.00938,3.7287
0.00939,3.7309
0.0094,3.7331
0.00941,3.7353
0.00942,3.7375
0.00943,3.7397
0.00944,3.7419
0.00945,3.7441
0.00946,3.7463
0.00947,3.7485
0.00948,3.7507
0.00949,3.7529
0.0095,3.7551
0.00951,3.7573
0.00952,3.7594
0.00953,3.7616
0.00954,3.7638
0.00955,3.7659
0.00956,3.7681
0.00957,3.7703
0.00958,3.7724
0.00959,3.7746
0.0096,3.7767
0.00961,3.7789
0.00962,3.781
0.00963,3.7831
0.00964,3.7853
0.00965,3.7874
0.00966,3.7895
0.00967,3.7917
0.00968,3.7938
0.00969,3.7959
0.0097,3.798
0.00971,3.8001
0.00972,3.8023
0.00973,3.8044
0.00974,3.8065
0.00975,3.8086
0.00976,3.8107
0.00977,3.8127
0.00978,3.8148
0.00979,3.8169
0.0098,3.819
0.00981,3.8211
0.00982,3.8231
0.00983,3.8252
0.00984,3.8273
0.00985,3.8293
0.00986,3.8314
0.00987,3.8335
0.00988,3.8355
0.00989,3.8376
0.0099,3.8396
0.00991,3.8416
0.00992,3.8437
0.00993,3.8457
0.00994,3.8477
0.00995,3.8498
0.00996,3.8518
0.00997,3.8538
0.00998,3.8558
0.00999,3.8578
0.01,3.8598
0.01001,3.8618
0.01002,3.8638
0.01003,3.8658
0.01004,3.8678
0.01005,3.8698
0.01006,3.8718
0.01007,3.8738
0.01008,3.8758
0.01009,3.8778
0.0101,3.8797
0.01011,3.8817
0.01012,3.8837
0.01013,3.8856
0.01014,3.8876
0.01015,3.8895
0.01016,3.8915
0.01017,3.8934
0.01018,3.8954
0.01019,3.8973
0.0102,3.8993
0.01021,3.9012
0.01022,3.9031
0.01023,3.905
0.01024,3.907
0.01025,3.9089
0.01026,3.9108
0.01027,3.9127
0.01028,3.9147
0.01029,3.9166
0.0103,3.9186
0.01031,3.9206
0.01032,3.9226
0.01033,3.9246
0.01034,3.9266
0.01035,3.9286
0.01036,3.9306
0.01037,3.9326
0.01038,3.9346
0.01039,3.9366
0.0104,3.9387
0.01041,3.9407
0.01042,3.9427
0.01043,3.9447
0.01044,3.9467
0.01045,3.9488
0.01046,3.9508
0.01047,3.9528
0.01048,3.9548
0.01049,3.9568
0.0105,3.9588
0.01051,3.9608
0.01052,3.9628
0.01053,3.9648
0.01054,3.9668
0.01055,3.9687
0.01056,3.9707
0.01057,3.9727
0.01058,3.9747
0.01059,3.9766
0.0106,3.9786
0.01061,3.9805
0.01062,3.9825
0.01063,3.9845
0.01064,3.9864
0.01065,3.9884
0.01066,3.9903
0.01067,3.9923
0.01068,3.9942
0.01069,3.9962
0.0107,3.9981
0.01071,4.0001
0.01072,4.0021
0.01073,4.0041
0.01074,4.006
0.01075,4.008
0.01076,4.01
0.01077,4.0121
0.01078,4.0141
0.01079,4.0161
0.0108,4.0182
0.01081,4.0203
0.01082,4.0224
0.01083,4.0245
0.01084,4.0266
0.01085,4.0288
0.01086,4.031
0.01087,4.0332
0.01088,4.0355
0.01089,4.0378
0.0109,4.0401
0.01091,4.0425
0.01092,4.0448
0.01093,4.0473
0.01094,4.0498
0.01095,4.0523
0.01096,4.0549
0.01097,4.0575
0.01098,4.0602
0.01099,4.0629
0.011,4.0657
0.01101,4.0686
0.01102,4.0715
0.01103,4.0745
0.01104,4.0776
0.01105,4.0807
0.01106,4.0839
0.01107,4.0872
0.01108,4.0906
0.01109,4.0941
0.0111,4.0976
0.01111,4.1013
0.01112,4.105
0.01113,4.1089
0.01114,4.1128
0.01115,4.1169
0.01116,4.121
0.01117,4.1253
0.01118,4.1297
0.01119,4.1342
0.0112,4.1389
0.01121,4.1436
0.01122,4.1486
0.01123,4.1536
0.01124,4.1588
0.01125,4.1641
0.01126,4.1696
0.01127,4.1753
0.01128,4.1811
0.01129,4.187
0.0113,4.1932
0.01131,4.1995
0.01132,4.2062
0.01133,4.2131
0.01134,4.2202
0.01135,4.2277
0.01136,4.2355
0.01137,4.2436
0.01138,4.252
0.01139,4.2609
0.0114,4.2702
0.01141,4.2799
0.01142,4.2902
0.01143,4.301
0.01144,4.3123
0.01145,4.3243
0.01146,4.337
0.01147,4.3505
0.01148,4.3647
0.01149,4.3798
0.0115,4.3957
0.01151,4.4127
0.01152,4.4307
0.01153,4.4499
0.01154,4.4705
0.01155,4.4927
0.01156,4.5166
0.01157,4.5423
0.01158,4.5702
0.01159,4.6003
0.0116,4.6328
0.01161,4.6679
0.01162,4.7058
0.01163,4.7466
0.01164,4.7907
0.01165,4.8382
0.01166,4.8892
0.01167,4.9441
0.01168,5.0029
0.01169,5.066
0.0117,5.1333
0.01171,5.2041
0.01172,5.2779
0.01173,5.354
0.01174,5.4317
0.01175,5.5103
0.01176,5.5887
0.01177,5.6663
0.01178,5.7419
0.01179,5.8146
0.0118,5.884
0.01181,5.9497
0.01182,6.0115
0.01183,6.0693
0.01184,6.1231
0.01185,6.173
0.01186,6.2191
0.01187,6.2617
0.01188,6.3011
0.01189,6.3374
0.0119,6.371
0.01191,6.4021
0.01192,6.4309
0.01193,6.4575
0.01194,6.4822
0.01195,6.5052
0.01196,6.5266
0.01197,6.5466
0.01198,6.5652
0.01199,6.5827
0.012,6.599
0.01201,6.6143
0.01202,6.6287
0.01203,6.6421
0.01204,6.6548
0.01205,6.6667
0.01206,6.678
0.01207,6.6887
0.01208,6.6987
0.01209,6.7082
0.0121,6.7172
0.01211,6.7257
0.01212,6.7338
0.01213,6.7415
0.01214,6.7488
0.01215,6.7557
0.01216,6.7622
0.01217,6.7685
0.01218,6.7745
0.01219,6.7802
0.0122,6.7857
0.01221,6.7909
0.01222,6.7959
0.01223,6.8007
0.01224,6.8053
0.01225,6.8097
0.01226,6.814
0.01227,6.818
0.01228,6.8219
0.01229,6.8257
0.0123,6.8292
0.01231,6.8326
0.01232,6.8359
0.01233,6.839
0.01234,6.842
0.01235,6.8448
0.01236,6.8476
0.01237,6.8503
0.01238,6.8528
0.01239,6.8552
0.0124,6.8576
0.01241,6.8598
0.01242,6.862
0.01243,6.864
0.01244,6.866
0.01245,6.8679
0.01246,6.8697
0.01247,6.8715
0.01248,6.8731
0.01249,6.8747
0.0125,6.8763
0.01251,6.8777
0.01252,6.8791
0.01253,6.8805
0.01254,6.8817
0.01255,6.883
0.01256,6.8841
0.01257,6.8852
0.01258,6.8863
0.01259,6.8873
0.0126,6.8883
0.01261,6.8892
0.01262,6.8901
0.01263,6.8909
0.01264,6.8917
0.01265,6.8924
0.01266,6.8931
0.01267,6.8938
0.01268,6.8944
0.01269,6.895
0.0127,6.8956
0.01271,6.8961
0.01272,6.8966
0.01273,6.897
0.01274,6.8974
0.01275,6.8978
0.01276,6.8981
0.01277,6.8984
0.01278,6.8987
0.01279,6.8989
0.0128,6.8991
0.01281,6.8993
0.01282,6.8995
0.01283,6.8996
0.01284,6.8997
0.01285,6.8998
0.01286,6.8998
0.01287,6.8998
0.01288,6.8998
0.01289,6.8998
0.0129,6.8997
0.01291,6.8996
0.01292,6.8995
0.01293,6.8994
0.01294,6.8992
0.01295,6.899
0.01296,6.8988
0.01297,6.8986
0.01298,6.8983
0.01299,6.8981
0.013,6.8978
0.01301,6.8974
0.01302,6.8971
0.01303,6.8967
0.01304,6.8964
0.01305,6.896
0.01306,6.8955
0.01307,6.8951
0.01308,6.8946
0.01309,6.8942
0.0131,6.8937
0.01311,6.8932
0.01312,6.8926
0.01313,6.8921
0.01314,6.8915
0.01315,6.8909
0.01316,6.8903
0.01317,6.8897
0.01318,6.889
0.01319,6.8884
0.0132,6.8877
0.01321,6.887
0.01322,6.8863
0.01323,6.8856
0.01324,6.8849
0.01325,6.8841
0.01326,6.8834
0.01327,6.8826
0.01328,6.8818
0.01329,6.881
0.0133,6.8801
0.01331,6.8793
0.01332,6.8785
0.01333,6.8776
0.01334,6.8767
0.01335,6.8758
0.01336,6.8749
0.01337,6.874
0.01338,6.8731
0.01339,6.8721
0.0134,6.8712
0.01341,6.8702
0.01342,6.8692
0.01343,6.8682
0.01344,6.8672
0.01345,6.8662
0.01346,6.8651
0.01347,6.8641
0.01348,6.863
0.01349,6.862
0.0135,6.8609
0.01351,6.8598
0.01352,6.8587
0.01353,6.8576
0.01354,6.8564
0.01355,6.8553
0.01356,6.8541
0.01357,6.853
0.01358,6.8518
0.01359,6.8506
0.0136,6.8494
0.01361,6.8482
0.01362,6.847
0.01363,6.8457
0.01364,6.8445
0.01365,6.8432
0.01366,6.842
0.01367,6.8407
0.01368,6.8394
0.01369,6.8381
0.0137,6.8368
0.01371,6.8355
0.01372,6.8342
0.01373,6.8328
0.01374,6.8315
0.01375,6.8301
0.01376,6.8288
0.01377,6.8274
0.01378,6.826
0.01379,6.8246
0.0138,6.8232
0.01381,6.8218
0.01382,6.8204
0.01383,6.819
0.01384,6.8176
0.01385,6.8161
0.01386,6.8147
0.01387,6.8132
0.01388,6.8117
0.01389,6.8103
0.0139,6.8088
0.01391,6.8073
0.01392,6.8058
0.01393,6.8043
0.01394,6.8027
0.01395,6.8012
0.01396,6.7997
0.01397,6.7981
0.01398,6.7966
0.01399,6.795
0.014,6.7935
0.01401,6.7919
0.01402,6.7903
0.01403,6.7887
0.01404,6.7872
0.01405,6.7856
0.01406,6.784
0.01407,6.7823
0.01408,6.7807
0.01409,6.7791
0.0141,6.7775
0.01411,6.7758
0.01412,6.7742
0.01413,6.7725
0.01414,6.7709
0.01415,6.7692
0.01416,6.7676
0.01417,6.7659
0.01418,6.7642
0.01419,6.7625
0.0142,6.7608
0.01421,6.7591
0.01422,6.7574
0.01423,6.7557
0.01424,6.754
0.01425,6.7523
0.01426,6.7506
0.01427,6.7488
0.01428,6.7471
0.01429,6.7454
0.0143,6.7436
0.01431,6.7419
0.01432,6.7401
0.01433,6.7384
0.01434,6.7366
0.01435,6.7349
0.01436,6.7331
0.01437,6.7313
0.01438,6.7296
0.01439,6.7278
0.0144,6.726
0.01441,6.7242
0.01442,6.7224
0.01443,6.7206
0.01444,6.7188
0.01445,6.717
0.01446,6.7152
0.01447,6.7134
0.01448,6.7116
0.01449,6.7098
0.0145,6.708
0.01451,6.7062
0.01452,6.7044
0.01453,6.7025
0.01454,6.7007
0.01455,6.6989
0.01456,6.697
0.01457,6.6952
0.01458,6.6934
0.01459,6.6915
0.0146,6.6897
0.01461,6.6879
0.01462,6.686
0.01463,6.6842
0.01464,6.6823
0.01465,6.6805
0.01466,6.6786
0.01467,6.6768
0.01468,6.6749
0.01469,6.6731
0.0147,6.6712
0.01471,6.6694
0.01472,6.6675
0.01473,6.6657
0.01474,6.6638
0.01475,6.6619
0.01476,6.6601
0.01477,6.6582
0.01478,6.6564
0.01479,6.6545
0.0148,6.6526
0.01481,6.6508
0.01482,6.6489
0.01483,6.6471
0.01484,6.6452
0.01485,6.6433
0.01486,6.6415
0.01487,6.6396
0.01488,6.6378
0.01489,6.6359
0.0149,6.634
0.01491,6.6322
0.01492,6.6303
0.01493,6.6285
0.01494,6.6266
0.01495,6.6248
0.01496,6.6229
0.01497,6.6211
0.01498,6.6192
0.01499,6.6174
0.015,6.6155
0.01501,6.6137
0.01502,6.6118
0.01503,6.61
0.01504,6.6081
0.01505,6.6063
0.01506,6.6044
0.01507,6.6026
0.01508,6.6008
0.01509,6.5989
0.0151,6.5971
0.01511,6.5953
0.01512,6.5935
0.01513,6.5916
0.01514,6.5898
0.01515,6.588
0.01516,6.5862
0.01517,6.5844
0.01518,6.5826
0.01519,6.5808
0.0152,6.579
0.01521,6.5772
0.01522,6.5754
0.01523,6.5736
0.01524,6.5718
0.01525,6.57
0.01526,6.5682
0.01527,6.5664
0.01528,6.5646
0.01529,6.5629
0.0153,6.5611
0.01531,6.5593
0.01532,6.5576
0.01533,6.5558
0.01534,6.5541
0.01535,6.5523
0.01536,6.5506
0.01537,6.5488
0.01538,6.5471
0.01539,6.5454
0.0154,6.5436
0.01541,6.5419
0.01542,6.5402
0.01543,6.5385
0.01544,6.5367
0.01545,6.535
0.01546,6.5333
0.01547,6.5316
0.01548,6.5299
0.01549,6.5283
0.0155,6.5266
0.01551,6.5249
0.01552,6.5232
0.01553,6.5216
0.01554,6.5199
0.01555,6.5182
0.01556,6.5166
0.01557,6.5149
0.01558,6.5133
0.01559,6.5117
0.0156,6.51
0.01561,6.5084
0.01562,6.5068
0.01563,6.5052
0.01564,6.5035
0.01565,6.5019
0.01566,6.5003
0.01567,6.4987
0.01568,6.4972
0.01569,6.4956
0.0157,6.494
0.01571,6.4924
0.01572,6.4909
0.01573,6.4893
0.01574,6.4878
0.01575,6.4862
0.01576,6.4847
0.01577,6.4831
0.01578,6.4816
0.01579,6.4801
0.0158,6.4786
0.01581,6.4771
0.01582,6.4756
0.01583,6.4741
0.01584,6.4726
0.01585,6.4711
0.01586,6.4696
0.01587,6.4681
0.01588,6.4667
0.01589,6.4652
0.0159,6.4637
0.01591,6.4623
0.01592,6.4609
0.01593,6.4594
0.01594,6.458
0.01595,6.4566
0.01596,6.4552
0.01597,6.4537
0.01598,6.4523
0.01599,6.451
0.016,6.4496
0.01601,6.4482
0.01602,6.4468
0.01603,6.4454
0.01604,6.4441
0.01605,6.4427
0.01606,6.4414
0.01607,6.44
0.01608,6.4387
0.01609,6.4374
0.0161,6.4361
0.01611,6.4347
0.01612,6.4334
0.01613,6.4321
0.01614,6.4308
0.01615,6.4296
0.01616,6.4283
0.01617,6.427
0.01618,6.4257
0.01619,6.4245
0.0162,6.4232
0.01621,6.422
0.01622,6.4207
0.01623,6.4195
0.01624,6.4183
0.01625,6.4171
0.01626,6.4159
0.01627,6.4146
0.01628,6.4135
0.01629,6.4123
0.0163,6.4111
0.01631,6.4099
0.01632,6.4087
0.01633,6.4076
0.01634,6.4064
0.01635,6.4053
0.01636,6.4041
0.01637,6.403
0.01638,6.4019
0.01639,6.4007
0.0164,6.3996
0.01641,6.3985
0.01642,6.3974
0.01643,6.3963
0.01644,6.3952
0.01645,6.3942
0.01646,6.3931
0.01647,6.392
0.01648,6.391
0.01649,6.3899
0.0165,6.3889
0.01651,6.3878
0.01652,6.3868
0.01653,6.3858
0.01654,6.3848
0.01655,6.3838
0.01656,6.3828
0.01657,6.3818
0.01658,6.3808
0.01659,6.3798
0.0166,6.3789
0.01661,6.3779
0.01662,6.3769
0.01663,6.376
0.01664,6.3751
0.01665,6.3741
0.01666,6.3732
0.01667,6.3723
0.01668,6.3714
0.01669,6.3705
0.0167,6.3696
0.01671,6.3687
0.01672,6.3678
0.01673,6.3669
0.01674,6.3661
0.01675,6.3652
0.01676,6.3643
0.01677,6.3635
0.01678,6.3627
0.01679,6.3618
0.0168,6.361
0.01681,6.3602
0.01682,6.3593
0.01683,6.3585
0.01684,6.3577
0.01685,6.3569
0.01686,6.3561
0.01687,6.3553
0.01688,6.3546
0.01689,6.3538
0.0169,6.353
0.01691,6.3523
0.01692,6.3515
0.01693,6.3507
0.01694,6.35
0.01695,6.3493
0.01696,6.3485
0.01697,6.3478
0.01698,6.3471
0.01699,6.3464
0.017,6.3456
0.01701,6.3449
0.01702,6.3442
0.01703,6.3435
0.01704,6.3428
0.01705,6.3422
0.01706,6.3415
0.01707,6.3408
0.01708,6.3401
0.01709,6.3395
0.0171,6.3388
0.01711,6.3382
0.01712,6.3375
0.01713,6.3369
0.01714,6.3362
0.01715,6.3356
0.01716,6.335
0.01717,6.3343
0.01718,6.3337
0.01719,6.3331
0.0172,6.3325
0.01721,6.3319
0.01722,6.3313
0.01723,6.3307
0.01724,6.3301
0.01725,6.3295
0.01726,6.329
0.01727,6.3284
0.01728,6.3278
0.01729,6.3272
0.0173,6.3267
0.01731,6.3261
0.01732,6.3256
0.01733,6.325
0.01734,6.3245
0.01735,6.3239
0.01736,6.3234
0.01737,6.3229
0.01738,6.3224
0.01739,6.3218
0.0174,6.3213
0.01741,6.3208
0.01742,6.3203
0.01743,6.3198
0.01744,6.3193
0.01745,6.3188
0.01746,6.3183
0.01747,6.3178
0.01748,6.3174
0.01749,6.3169
0.0175,6.3164
0.01751,6.3159
0.01752,6.3155
0.01753,6.315
0.01754,6.3146
0.01755,6.3141
0.01756,6.3137
0.01757,6.3132
0.01758,6.3128
0.01759,6.3123
0.0176,6.3119
0.01761,6.3115
0.01762,6.3111
0.01763,6.3107
0.01764,6.3102
0.01765,6.3098
0.01766,6.3094
0.01767,6.309
0.01768,6.3086
0.01769,6.3082
0.0177,6.3078
0.01771,6.3075
0.01772,6.3071
0.01773,6.3067
0.01774,6.3063
0.01775,6.306
0.01776,6.3056
0.01777,6.3052
0.01778,6.3049
0.01779,6.3045
0.0178,6.3042
0.01781,6.3038
0.01782,6.3035
0.01783,6.3032
0.01784,6.3028
0.01785,6.3025
0.01786,6.3022
0.01787,6.3019
0.01788,6.3015
0.01789,6.3012
0.0179,6.3009
0.01791,6.3006
0.01792,6.3003
0.01793,6.3
0.01794,6.2997
0.01795,6.2995
0.01796,6.2992
0.01797,6.2989
0.01798,6.2986
0.01799,6.2984
0.018,6.2981
0.01801,6.2978
0.01802,6.2976
0.01803,6.2973
0.01804,6.2971
0.01805,6.2968
0.01806,6.2966
0.01807,6.2963
0.01808,6.2961
0.01809,6.2959
0.0181,6.2956
0.01811,6.2954
0.01812,6.2952
0.01813,6.295
0.01814,6.2948
0.01815,6.2946
0.01816,6.2943
0.01817,6.2941
0.01818,6.2939
0.01819,6.2937
0.0182,6.2935
0.01821,6.2933
0.01822,6.2931
0.01823,6.2929
0.01824,6.2928
0.01825,6.2926
0.01826,6.2924
0.01827,6.2922
0.01828,6.292
0.01829,6.2919
0.0183,6.2917
0.01831,6.2915
0.01832,6.2913
0.01833,6.2912
0.01834,6.291
0.01835,6.2909
0.01836,6.2907
0.01837,6.2905
0.01838,6.2904
0.01839,6.2902
0.0184,6.2901
0.01841,6.2899
0.01842,6.2898
0.01843,6.2896
0.01844,6.2895
0.01845,6.2894
0.01846,6.2892
0.01847,6.2891
0.01848,6.2889
0.01849,6.2888
0.0185,6.2887
0.01851,6.2886
0.01852,6.2884
0.01853,6.2883
0.01854,6.2882
0.01855,6.288
0.01856,6.2879
0.01857,6.2878
0.01858,6.2877
0.01859,6.2876
0.0186,6.2875
0.01861,6.2873
0.01862,6.2872
0.01863,6.2871
0.01864,6.287
0.01865,6.2869
0.01866,6.2868
0.01867,6.2867
0.01868,6.2866
0.01869,6.2865
0.0187,6.2864
0.01871,6.2863
0.01872,6.2862
0.01873,6.2861
0.01874,6.286
0.01875,6.2859
0.01876,6.2858
0.01877,6.2857
0.01878,6.2856
0.01879,6.2855
0.0188,6.2854
0.01881,6.2853
0.01882,6.2852
0.01883,6.2852
0.01884,6.2851
0.01885,6.285
0.01886,6.2849
0.01887,6.2848
0.01888,6.2847
0.01889,6.2847
0.0189,6.2846
0.01891,6.2845
0.01892,6.2844
0.01893,6.2844
0.01894,6.2843
0.01895,6.2842
0.01896,6.2841
0.01897,6.2841
0.01898,6.284
0.01899,6.2839
0.019,6.2838
0.01901,6.2838
0.01902,6.2837
0.01903,6.2836
0.01904,6.2836
0.01905,6.2835
0.01906,6.2834
0.01907,6.2834
0.01908,6.2833
0.01909,6.2832
0.0191,6.2832
0.01911,6.2831
0.01912,6.2831
0.01913,6.283
0.01914,6.2829
0.01915,6.2829
0.01916,6.2828
0.01917,6.2828
0.01918,6.2827
0.01919,6.2827
0.0192,6.2826
0.01921,6.2826
0.01922,6.2825
0.01923,6.2825
0.01924,6.2824
0.01925,6.2824
0.01926,6.2823
0.01927,6.2823
0.01928,6.2822
0.01929,6.2822
0.0193,6.2821
0.01931,6.2821
0.01932,6.282
0.01933,6.282
0.01934,6.282
0.01935,6.2819
0.01936,6.2819
0.01937,6.2818
0.01938,6.2818
0.01939,6.2818
0.0194,6.2817
0.01941,6.2817
0.01942,6.2817
0.01943,6.2816
0.01944,6.2816
0.01945,6.2816
0.01946,6.2815
0.01947,6.2815
0.01948,6.2815
0.01949,6.2814
0.0195,6.2814
0.01951,6.2814
0.01952,6.2814
0.01953,6.2813
0.01954,6.2813
0.01955,6.2813
0.01956,6.2813
0.01957,6.2813
0.01958,6.2812
0.01959,6.2812
0.0196,6.2812
0.01961,6.2812
0.01962,6.2812
0.01963,6.2812
0.01964,6.2812
0.01965,6.2812
0.01966,6.2811
0.01967,6.2811
0.01968,6.2811
0.01969,6.2811
0.0197,6.2811
0.01971,6.2811
0.01972,6.2811
0.01973,6.2811
0.01974,6.2811
0.01975,6.281
0.01976,6.281
0.01977,6.281
0.01978,6.281
0.01979,6.281
0.0198,6.281
0.01981,6.281
0.01982,6.281
0.01983,6.281
0.01984,6.281
0.01985,6.281
0.01986,6.281
0.01987,6.281
0.01988,6.281
0.01989,6.281
0.0199,6.2809
0.01991,6.2809
0.01992,6.2809
0.01993,6.2809
0.01994,6.2809
0.01995,6.2809
0.01996,6.2809
0.01997,6.2809
0.01998,6.2809
0.01999,6.2809
0.02,6.2809
0.02001,6.2809
0.02002,6.2809
0.02003,6.2809
0.02004,6.2809
0.02005,6.2809
0.02006,6.2809
0.02007,6.2809
0.02008,6.2809
0.02009,6.2809
0.0201,6.2809
0.02011,6.2809
0.02012,6.2809
0.02013,6.2809
0.02014,6.2809
0.02015,6.2809
0.02016,6.2809
0.02017,6.2809
0.02018,6.2809
0.02019,6.2809
0.0202,6.2809
0.02021,6.2809
0.02022,6.2809
0.02023,6.2809
0.02024,6.2809
0.02025,6.281
0.02026,6.281
0.02027,6.281
0.02028,6.281
0.02029,6.281
0.0203,6.281
0.02031,6.281
0.02032,6.281
0.02033,6.281
0.02034,6.281
0.02035,6.281
0.02036,6.281
0.02037,6.281
0.02038,6.281
0.02039,6.281
0.0204,6.281
0.02041,6.281
0.02042,6.2811
0.02043,6.2811
0.02044,6.2811
0.02045,6.2811
0.02046,6.2811
0.02047,6.2811
0.02048,6.2811
0.02049,6.2811
0.0205,6.2811
0.02051,6.2811
0.02052,6.2811
0.02053,6.2811
0.02054,6.2812
0.02055,6.2812
0.02056,6.2812
0.02057,6.2812
0.02058,6.2812
0.02059,6.2812
0.0206,6.2812
0.02061,6.2812
0.02062,6.2812
0.02063,6.2812
0.02064,6.2812
0.02065,6.2813
0.02066,6.2813
0.02067,6.2813
0.02068,6.2813
0.02069,6.2813
0.0207,6.2813
0.02071,6.2813
0.02072,6.2813
0.02073,6.2813
0.02074,6.2813
0.02075,6.2814
0.02076,6.2814
0.02077,6.2814
0.02078,6.2814
0.02079,6.2814
0.0208,6.2814
0.02081,6.2814
0.02082,6.2814
0.02083,6.2814
0.02084,6.2814
0.02085,6.2814
0.02086,6.2815
0.02087,6.2815
0.02088,6.2815
0.02089,6.2815
0.0209,6.2815
0.02091,6.2815
0.02092,6.2815
0.02093,6.2815
0.02094,6.2815
0.02095,6.2815
0.02096,6.2815
0.02097,6.2816
0.02098,6.2816
0.02099,6.2816
0.021,6.2816
0.02101,6.2816
0.02102,6.2816
0.02103,6.2816
0.02104,6.2816
0.02105,6.2816
0.02106,6.2816
0.02107,6.2816
0.02108,6.2816
0.02109,6.2816
0.0211,6.2817
0.02111,6.2817
0.02112,6.2817
0.02113,6.2817
0.02114,6.2817
0.02115,6.2817
0.02116,6.2817
0.02117,6.2817
0.02118,6.2817
0.02119,6.2817
0.0212,6.2817
0.02121,6.2817
0.02122,6.2817
0.02123,6.2818
0.02124,6.2818
0.02125,6.2818
0.02126,6.2818
0.02127,6.2818
0.02128,6.2818
0.02129,6.2818
0.0213,6.2818
0.02131,6.2818
0.02132,6.2818
0.02133,6.2818
0.02134,6.2818
0.02135,6.2818
0.02136,6.2818
0.02137,6.2818
0.02138,6.2819
0.02139,6.2819
0.0214,6.2819
0.02141,6.2819
0.02142,6.2819
0.02143,6.2819
0.02144,6.2819
0.02145,6.2819
0.02146,6.2819
0.02147,6.2819
0.02148,6.2819
0.02149,6.2819
0.0215,6.2819
0.02151,6.2819
0.02152,6.282
0.02153,6.282
0.02154,6.282
0.02155,6.282
0.02156,6.282
0.02157,6.282
0.02158,6.282
0.02159,6.282
0.0216,6.282
0.02161,6.282
0.02162,6.282
0.02163,6.282
0.02164,6.282
0.02165,6.282
0.02166,6.282
0.02167,6.2821
0.02168,6.2821
0.02169,6.2821
0.0217,6.2821
0.02171,6.2821
0.02172,6.2821
0.02173,6.2821
0.02174,6.2821
0.02175,6.2821
0.02176,6.2821
0.02177,6.2821
0.02178,6.2821
0.02179,6.2821
0.0218,6.2821
0.02181,6.2822
0.02182,6.2822
0.02183,6.2822
0.02184,6.2822
0.02185,6.2822
0.02186,6.2822
0.02187,6.2822
0.02188,6.2822
0.02189,6.2822
0.0219,6.2822
0.02191,6.2822
0.02192,6.2822
0.02193,6.2822
0.02194,6.2823
0.02195,6.2823
0.02196,6.2823
0.02197,6.2823
0.02198,6.2823
0.02199,6.2823
0.022,6.2823
0.02201,6.2823
0.02202,6.2823
0.02203,6.2823
0.02204,6.2823
0.02205,6.2823
0.02206,6.2823
0.02207,6.2823
0.02208,6.2824
0.02209,6.2824
0.0221,6.2824
0.02211,6.2824
0.02212,6.2824
0.02213,6.2824
0.02214,6.2824
0.02215,6.2824
0.02216,6.2824
0.02217,6.2824
0.02218,6.2824
0.02219,6.2824
0.0222,6.2824
0.02221,6.2824
0.02222,6.2825
0.02223,6.2825
0.02224,6.2825
0.02225,6.2825
0.02226,6.2825
0.02227,6.2825
0.02228,6.2825
0.02229,6.2825
0.0223,6.2825
0.02231,6.2825
0.02232,6.2825
0.02233,6.2825
0.02234,6.2825
0.02235,6.2825
0.02236,6.2825
0.02237,6.2825
0.02238,6.2826
0.02239,6.2826
0.0224,6.2826
0.02241,6.2826
0.02242,6.2826
0.02243,6.2826
0.02244,6.2826
0.02245,6.2826
0.02246,6.2826
0.02247,6.2826
0.02248,6.2826
0.02249,6.2826
0.0225,6.2826
0.02251,6.2826
0.02252,6.2826
0.02253,6.2826
0.02254,6.2826
0.02255,6.2826
0.02256,6.2826
0.02257,6.2827
0.02258,6.2827
0.02259,6.2827
0.0226,6.2827
0.02261,6.2827
0.02262,6.2827
0.02263,6.2827
0.02264,6.2827
0.02265,6.2827
0.02266,6.2827
0.02267,6.2827
0.02268,6.2827
0.02269,6.2827
0.0227,6.2827
0.02271,6.2827
0.02272,6.2827
0.02273,6.2827
0.02274,6.2827
0.02275,6.2827
0.02276,6.2827
0.02277,6.2827
0.02278,6.2827
0.02279,6.2827
0.0228,6.2827
0.02281,6.2827
0.02282,6.2827
0.02283,6.2827
0.02284,6.2828
0.02285,6.2828
0.02286,6.2828
0.02287,6.2828
0.02288,6.2828
0.02289,6.2828
0.0229,6.2828
0.02291,6.2828
0.02292,6.2828
0.02293,6.2828
0.02294,6.2828
0.02295,6.2828
0.02296,6.2828
0.02297,6.2828
0.02298,6.2828
0.02299,6.2828
0.023,6.2828
0.02301,6.2828
0.02302,6.2828
0.02303,6.2828
0.02304,6.2828
0.02305,6.2828
0.02306,6.2828
0.02307,6.2828
0.02308,6.2828
0.02309,6.2828
0.0231,6.2828
0.02311,6.2828
0.02312,6.2828
0.02313,6.2828
0.02314,6.2828
0.02315,6.2828
0.02316,6.2828
0.02317,6.2828
0.02318,6.2828
0.02319,6.2828
0.0232,6.2828
0.02321,6.2829
0.02322,6.2829
0.02323,6.2829
0.02324,6.2829
0.02325,6.2829
0.02326,6.2829
0.02327,6.2829
0.02328,6.2829
0.02329,6.2829
0.0233,6.2829
0.02331,6.2829
0.02332,6.2829
0.02333,6.2829
0.02334,6.2829
0.02335,6.2829
0.02336,6.2829
0.02337,6.2829
0.02338,6.2829
0.02339,6.2829
0.0234,6.2829
0.02341,6.2829
0.02342,6.2829
0.02343,6.2829
0.02344,6.2829
0.02345,6.2829
0.02346,6.2829
0.02347,6.2829
0.02348,6.2829
0.02349,6.2829
0.0235,6.2829
0.02351,6.2829
0.02352,6.2829
0.02353,6.2829
0.02354,6.2829
0.02355,6.2829
0.02356,6.2829
0.02357,6.2829
0.02358,6.2829
0.02359,6.2829
0.0236,6.2829
0.02361,6.2829
0.02362,6.2829
0.02363,6.2829
0.02364,6.2829
0.02365,6.283
0.02366,6.283
0.02367,6.283
0.02368,6.283
0.02369,6.283
0.0237,6.283
0.02371,6.283
0.02372,6.283
0.02373,6.283
0.02374,6.283
0.02375,6.283
0.02376,6.283
0.02377,6.283
0.02378,6.283
0.02379,6.283
0.0238,6.283
0.02381,6.283
0.02382,6.283
0.02383,6.283
0.02384,6.283
0.02385,6.283
0.02386,6.283
0.02387,6.283
0.02388,6.283
0.02389,6.283
0.0239,6.283
0.02391,6.283
0.02392,6.283
0.02393,6.283
0.02394,6.283
0.02395,6.283
0.02396,6.283
0.02397,6.283
0.02398,6.283
0.02399,6.283
0.024,6.283
0.02401,6.283
0.02402,6.283
0.02403,6.283
0.02404,6.283
0.02405,6.283
0.02406,6.283
0.02407,6.283
0.02408,6.283
0.02409,6.283
0.0241,6.283
0.02411,6.283
0.02412,6.283
0.02413,6.283
0.02414,6.283
0.02415,6.2831
0.02416,6.2831
0.02417,6.2831
0.02418,6.2831
0.02419,6.2831
0.0242,6.2831
0.02421,6.2831
0.02422,6.2831
0.02423,6.2831
0.02424,6.2831
0.02425,6.2831
0.02426,6.2831
0.02427,6.2831
0.02428,6.2831
0.02429,6.2831
0.0243,6.2831
0.02431,6.2831
0.02432,6.2831
0.02433,6.2831
0.02434,6.2831
0.02435,6.2831
0.02436,6.2831
0.02437,6.2831
0.02438,6.2831
0.02439,6.2831
0.0244,6.2831
0.02441,6.2831
0.02442,6.2831
0.02443,6.2831
0.02444,6.2831
0.02445,6.2831
0.02446,6.2831
0.02447,6.2831
0.02448,6.2831
0.02449,6.2831
0.0245,6.2831
0.02451,6.2831
0.02452,6.2831
0.02453,6.2831
0.02454,6.2831
0.02455,6.2831
0.02456,6.2831
0.02457,6.2831
0.02458,6.2831
0.02459,6.2831
0.0246,6.2831
0.02461,6.2831
0.02462,6.2831
0.02463,6.2831
0.02464,6.2831
0.02465,6.2831
0.02466,6.2831
0.02467,6.2831
0.02468,6.2831
0.02469,6.2831
0.0247,6.2831
0.02471,6.2831
0.02472,6.2831
0.02473,6.2831
0.02474,6.2831
0.02475,6.2831
0.02476,6.2831
0.02477,6.2831
0.02478,6.2831
0.02479,6.2831
0.0248,6.2831
0.02481,6.2831
0.02482,6.2831
0.02483,6.2831
0.02484,6.2831
0.02485,6.2831
0.02486,6.2831
0.02487,6.2831
0.02488,6.2831
0.02489,6.2831
0.0249,6.2831
0.02491,6.2831
0.02492,6.2831
0.02493,6.2831
0.02494,6.2831
0.02495,6.2831
0.02496,6.2831
0.02497,6.2831
0.02498,6.2831
0.02499,6.2831
0.025,6.2831
0.02501,6.2831
0.02502,6.2831
0.02503,6.2831
0.02504,6.2831
0.02505,6.2831
0.02506,6.2831
0.02507,6.2831
0.02508,6.2831
0.02509,6.2831
0.0251,6.2831
0.02511,6.2831
0.02512,6.2831
0.02513,6.2831
0.02514,6.2831
0.02515,6.2831
0.02516,6.2831
0.02517,6.2831
0.02518,6.2831
0.02519,6.2831
0.0252,6.2831
0.02521,6.2831
0.02522,6.2831
0.02523,6.2831
0.02524,6.2831
0.02525,6.2831
0.02526,6.2831
0.02527,6.2831
0.02528,6.2831
0.02529,6.2831
0.0253,6.2831
0.02531,6.2831
0.02532,6.2831
0.02533,6.2831
0.02534,6.2831
0.02535,6.2831
0.02536,6.2831
0.02537,6.2831
0.02538,6.2831
0.02539,6.2831
0.0254,6.2831
0.02541,6.2831
0.02542,6.2831
0.02543,6.2831
0.02544,6.2831
0.02545,6.2831
0.02546,6.2831
0.02547,6.2831
0.02548,6.2831
0.02549,6.2831
0.0255,6.2831
0.02551,6.2831
0.02552,6.2831
0.02553,6.2831
0.02554,6.2831
0.02555,6.2831
0.02556,6.2831
0.02557,6.2831
0.02558,6.2831
0.02559,6.2831
0.0256,6.2831
0.02561,6.2831
0.02562,6.2831
0.02563,6.2831
0.02564,6.2831
0.02565,6.2831
0.02566,6.2831
0.02567,6.2831
0.02568,6.2831
0.02569,6.2831
0.0257,6.2831
0.02571,6.2831
0.02572,6.2831
0.02573,6.2832
0.02574,6.2832
0.02575,6.2832
0.02576,6.2832
0.02577,6.2832
0.02578,6.2832
0.02579,6.2832
0.0258,6.2832
0.02581,6.2832
0.02582,6.2832
0.02583,6.2832
0.02584,6.2832
0.02585,6.2832
0.02586,6.2832
0.02587,6.2832
0.02588,6.2832
0.02589,6.2832
0.0259,6.2832
0.02591,6.2832
0.02592,6.2832
0.02593,6.2832
0.02594,6.2832
0.02595,6.2832
0.02596,6.2832
0.02597,6.2832
0.02598,6.2832
0.02599,6.2832
0.026,6.2832
0.02601,6.2832
0.02602,6.2832
0.02603,6.2832
0.02604,6.2832
0.02605,6.2832
0.02606,6.2832
0.02607,6.2832
0.02608,6.2832
0.02609,6.2832
0.0261,6.2832
0.02611,6.2832
0.02612,6.2832
0.02613,6.2832
0.02614,6.2832
0.02615,6.2832
0.02616,6.2832
0.02617,6.2832
0.02618,6.2832
0.02619,6.2832
0.0262,6.2832
0.02621,6.2832
0.02622,6.2832
0.02623,6.2832
0.02624,6.2832
0.02625,6.2832
0.02626,6.2832
0.02627,6.2832
0.02628,6.2832
0.02629,6.2832
0.0263,6.2832
0.02631,6.2832
0.02632,6.2832
0.02633,6.2832
0.02634,6.2832
0.02635,6.2832
0.02636,6.2832
0.02637,6.2832
0.02638,6.2832
0.02639,6.2832
0.0264,6.2832
0.02641,6.2832
0.02642,6.2832
0.02643,6.2832
0.02644,6.2832
0.02645,6.2832
0.02646,6.2832
0.02647,6.2832
0.02648,6.2832
0.02649,6.2832
0.0265,6.2832
0.02651,6.2832
0.02652,6.2832
0.02653,6.2832
0.02654,6.2832
0.02655,6.2832
0.02656,6.2832
0.02657,6.2832
0.02658,6.2832
0.02659,6.2832
0.0266,6.2832
0.02661,6.2832
0.02662,6.2832
0.02663,6.2832
0.02664,6.2832
0.02665,6.2832
0.02666,6.2832
0.02667,6.2832
0.02668,6.2832
0.02669,6.2832
0.0267,6.2832
0.02671,6.2832
0.02672,6.2832
0.02673,6.2832
0.02674,6.2832
0.02675,6.2832
0.02676,6.2832
0.02677,6.2832
0.02678,6.2832
0.02679,6.2832
0.0268,6.2832
0.02681,6.2832
0.02682,6.2832
0.02683,6.2832
0.02684,6.2832
0.02685,6.2832
0.02686,6.2832
0.02687,6.2832
0.02688,6.2832
0.02689,6.2832
0.0269,6.2832
0.02691,6.2832
0.02692,6.2832
0.02693,6.2832
0.02694,6.2832
0.02695,6.2832
0.02696,6.2832
0.02697,6.2832
0.02698,6.2832
0.02699,6.2832
0.027,6.2832
0.02701,6.2832
0.02702,6.2832
0.02703,6.2832
0.02704,6.2832
0.02705,6.2832
0.02706,6.2832
0.02707,6.2832
0.02708,6.2832
0.02709,6.2832
0.0271,6.2832
0.02711,6.2832
0.02712,6.2832
0.02713,6.2832
0.02714,6.2832
0.02715,6.2832
0.02716,6.2832
0.02717,6.2832
0.02718,6.2832
0.02719,6.2832
0.0272,6.2832
0.02721,6.2832
0.02722,6.2832
0.02723,6.2832
0.02724,6.2832
0.02725,6.2832
0.02726,6.2832
0.02727,6.2832
0.02728,6.2832
0.02729,6.2832
0.0273,6.2832
0.02731,6.2832
0.02732,6.2832
0.02733,6.2832
0.02734,6.2832
0.02735,6.2832
0.02736,6.2832
0.02737,6.2832
0.02738,6.2832
0.02739,6.2832
0.0274,6.2832
0.02741,6.2832
0.02742,6.2832
0.02743,6.2832
0.02744,6.2832
0.02745,6.2832
0.02746,6.2832
0.02747,6.2832
0.02748,6.2832
0.02749,6.2832
0.0275,6.2832
0.02751,6.2832
0.02752,6.2832
0.02753,6.2832
0.02754,6.2832
0.02755,6.2832
0.02756,6.2832
0.02757,6.2832
0.02758,6.2832
0.02759,6.2832
0.0276,6.2832
0.02761,6.2832
0.02762,6.2832
0.02763,6.2832
0.02764,6.2832
0.02765,6.2832
0.02766,6.2832
0.02767,6.2832
0.02768,6.2832
0.02769,6.2832
0.0277,6.2832
0.02771,6.2832
0.02772,6.2832
0.02773,6.2832
0.02774,6.2832
0.02775,6.2832
0.02776,6.2832
0.02777,6.2832
0.02778,6.2832
0.02779,6.2832
0.0278,6.2832
0.02781,6.2832
0.02782,6.2832
0.02783,6.2832
0.02784,6.2832
0.02785,6.2832
0.02786,6.2832
0.02787,6.2832
0.02788,6.2832
0.02789,6.2832
0.0279,6.2832
0.02791,6.2832
0.02792,6.2832
0.02793,6.2832
0.02794,6.2832
0.02795,6.2832
0.02796,6.2832
0.02797,6.2832
0.02798,6.2832
0.02799,6.2832
0.028,6.2832
0.02801,6.2832
0.02802,6.2832
0.02803,6.2832
0.02804,6.2832
0.02805,6.2832
0.02806,6.2832
0.02807,6.2832
0.02808,6.2832
0.02809,6.2832
0.0281,6.2832
0.02811,6.2832
0.02812,6.2832
0.02813,6.2832
0.02814,6.2832
0.02815,6.2832
0.02816,6.2832
0.02817,6.2832
0.02818,6.2832
0.02819,6.2832
0.0282,6.2832
0.02821,6.2832
0.02822,6.2832
0.02823,6.2832
0.02824,6.2832
0.02825,6.2832
0.02826,6.2832
0.02827,6.2832
0.02828,6.2832
0.02829,6.2832
0.0283,6.2832
0.02831,6.2832
0.02832,6.2832
0.02833,6.2832
0.02834,6.2832
0.02835,6.2832
0.02836,6.2832
0.02837,6.2832
0.02838,6.2832
0.02839,6.2832
0.0284,6.2832
0.02841,6.2832
0.02842,6.2832
0.02843,6.2832
0.02844,6.2832
0.02845,6.2832
0.02846,6.2832
0.02847,6.2832
0.02848,6.2832
0.02849,6.2832
0.0285,6.2832
0.02851,6.2832
0.02852,6.2832
0.02853,6.2832
0.02854,6.2832
0.02855,6.2832
0.02856,6.2832
0.02857,6.2832
0.02858,6.2832
0.02859,6.2832
0.0286,6.2832
0.02861,6.2832
0.02862,6.2832
0.02863,6.2832
0.02864,6.2832
0.02865,6.2832
0.02866,6.2832
0.02867,6.2832
0.02868,6.2832
0.02869,6.2832
0.0287,6.2832
0.02871,6.2832
0.02872,6.2832
0.02873,6.2832
0.02874,6.2832
0.02875,6.2832
0.02876,6.2832
0.02877,6.2832
0.02878,6.2832
0.02879,6.2832
0.0288,6.2832
0.02881,6.2832
0.02882,6.2832
0.02883,6.2832
0.02884,6.2832
0.02885,6.2832
0.02886,6.2832
0.02887,6.2832
0.02888,6.2832
0.02889,6.2832
0.0289,6.2832
0.02891,6.2832
0.02892,6.2832
0.02893,6.2832
0.02894,6.2832
0.02895,6.2832
0.02896,6.2832
0.02897,6.2832
0.02898,6.2832
0.02899,6.2832
0.029,6.2832
0.02901,6.2832
0.02902,6.2832
0.02903,6.2832
0.02904,6.2832
0.02905,6.2832
0.02906,6.2832
0.02907,6.2832
0.02908,6.2832
0.02909,6.2832
0.0291,6.2832
0.02911,6.2832
0.02912,6.2832
0.02913,6.2832
0.02914,6.2832
0.02915,6.2832
0.02916,6.2832
0.02917,6.2832
0.02918,6.2832
0.02919,6.2832
0.0292,6.2832
0.02921,6.2832
0.02922,6.2832
0.02923,6.2832
0.02924,6.2832
0.02925,6.2832
0.02926,6.2832
0.02927,6.2832
0.02928,6.2832
0.02929,6.2832
0.0293,6.2832
0.02931,6.2832
0.02932,6.2832
0.02933,6.2832
0.02934,6.2832
0.02935,6.2832
0.02936,6.2832
0.02937,6.2832
0.02938,6.2832
0.02939,6.2832
0.0294,6.2832
0.02941,6.2832
0.02942,6.2832
0.02943,6.2832
0.02944,6.2832
0.02945,6.2832
0.02946,6.2832
0.02947,6.2832
0.02948,6.2832
0.02949,6.2832
0.0295,6.2832
0.02951,6.2832
0.02952,6.2832
0.02953,6.2832
0.02954,6.2832
0.02955,6.2832
0.02956,6.2832
0.02957,6.2832
0.02958,6.2832
0.02959,6.2832
0.0296,6.2832
0.02961,6.2832
0.02962,6.2832
0.02963,6.2832
0.02964,6.2832
0.02965,6.2832
0.02966,6.2832
0.02967,6.2832
0.02968,6.2832
0.02969,6.2832
0.0297,6.2832
0.02971,6.2832
0.02972,6.2832
0.02973,6.2832
0.02974,6.2832
0.02975,6.2832
0.02976,6.2832
0.02977,6.2832
0.02978,6.2832
0.02979,6.2832
0.0298,6.2832
0.02981,6.2832
0.02982,6.2832
0.02983,6.2832
0.02984,6.2832
0.02985,6.2832
0.02986,6.2832
0.02987,6.2832
0.02988,6.2832
0.02989,6.2832
0.0299,6.2832
0.02991,6.2832
0.02992,6.2832
0.02993,6.2832
0.02994,6.2832
0.02995,6.2832
0.02996,6.2832
0.02997,6.2832
0.02998,6.2832
0.02999,6.2832
0.03,6.2832
0.03001,6.2832
0.03002,6.2832
0.03003,6.2832
0.03004,6.2832
0.03005,6.2832
0.03006,6.2832
0.03007,6.2832
0.03008,6.2832
0.03009,6.2832
0.0301,6.2832
0.03011,6.2832
0.03012,6.2832
0.03013,6.2832
0.03014,6.2832
0.03015,6.2832
0.03016,6.2832
0.03017,6.2832
0.03018,6.2832
0.03019,6.2832
0.0302,6.2832
0.03021,6.2832
0.03022,6.2832
0.03023,6.2832
0.03024,6.2832
0.03025,6.2832
0.03026,6.2832
0.03027,6.2832
0.03028,6.2832
0.03029,6.2832
0.0303,6.2832
0.03031,6.2832
0.03032,6.2832
0.03033,6.2832
0.03034,6.2832
0.03035,6.2832
0.03036,6.2832
0.03037,6.2832
0.03038,6.2832
0.03039,6.2832
0.0304,6.2832
0.03041,6.2832
0.03042,6.2832
0.03043,6.2832
0.03044,6.2832
0.03045,6.2832
0.03046,6.2832
0.03047,6.2832
0.03048,6.2832
0.03049,6.2832
0.0305,6.2832
0.03051,6.2832
0.03052,6.2832
0.03053,6.2832
0.03054,6.2832
0.03055,6.2832
0.03056,6.2832
0.03057,6.2832
0.03058,6.2832
0.03059,6.2832
0.0306,6.2832
0.03061,6.2832
0.03062,6.2832
0.03063,6.2832
0.03064,6.2832
0.03065,6.2832
0.03066,6.2832
0.03067,6.2832
0.03068,6.2832
0.03069,6.2832
0.0307,6.2832
0.03071,6.2832
0.03072,6.2832
0.03073,6.2832
0.03074,6.2832
0.03075,6.2832
0.03076,6.2832
0.03077,6.2832
0.03078,6.2832
0.03079,6.2832
0.0308,6.2832
0.03081,6.2832
0.03082,6.2832
0.03083,6.2832
0.03084,6.2832
0.03085,6.2832
0.03086,6.2832
0.03087,6.2832
0.03088,6.2832
0.03089,6.2832
0.0309,6.2832
0.03091,6.2832
0.03092,6.2832
0.03093,6.2832
0.03094,6.2832
0.03095,6.2832
0.03096,6.2832
0.03097,6.2832
0.03098,6.2832
0.03099,6.2832
0.031,6.2832
0.03101,6.2832
0.03102,6.2832
0.03103,6.2832
0.03104,6.2832
0.03105,6.2832
0.03106,6.2832
0.03107,6.2832
0.03108,6.2832
0.03109,6.2832
0.0311,6.2832
0.03111,6.2832
0.03112,6.2832
0.03113,6.2832
0.03114,6.2832
0.03115,6.2832
0.03116,6.2832
0.03117,6.2832
0.03118,6.2832
0.03119,6.2832
0.0312,6.2832
0.03121,6.2832
0.03122,6.2832
0.03123,6.2832
0.03124,6.2832
0.03125,6.2832
0.03126,6.2832
0.03127,6.2832
0.03128,6.2832
0.03129,6.2832
0.0313,6.2832
0.03131,6.2832
0.03132,6.2832
0.03133,6.2832
0.03134,6.2832
0.03135,6.2832
0.03136,6.2832
0.03137,6.2832
0.03138,6.2832
0.03139,6.2832
0.0314,6.2832
0.03141,6.2832
0.03142,6.2832
0.03143,6.2832
0.03144,6.2832
0.03145,6.2832
0.03146,6.2832
0.03147,6.2832
0.03148,6.2832
0.03149,6.2832
0.0315,6.2832
0.03151,6.2832
0.03152,6.2832
0.03153,6.2832
0.03154,6.2832
0.03155,6.2832
0.03156,6.2832
0.03157,6.2832
0.03158,6.2832
0.03159,6.2832
0.0316,6.2832
0.03161,6.2832
0.03162,6.2832
0.03163,6.2832
0.03164,6.2832
0.03165,6.2832
0.03166,6.2832
0.03167,6.2832
0.03168,6.2832
0.03169,6.2832
0.0317,6.2832
0.03171,6.2832
0.03172,6.2832
0.03173,6.2832
0.03174,6.2832
0.03175,6.2832
0.03176,6.2832
0.03177,6.2832
0.03178,6.2832
0.03179,6.2832
0.0318,6.2832
0.03181,6.2832
0.03182,6.2832
0.03183,6.2832
0.03184,6.2832
0.03185,6.2832
0.03186,6.2832
0.03187,6.2832
0.03188,6.2832
0.03189,6.2832
0.0319,6.2832
0.03191,6.2832
0.03192,6.2832
0.03193,6.2832
0.03194,6.2832
0.03195,6.2832
0.03196,6.2832
0.03197,6.2832
0.03198,6.2832
0.03199,6.2832
0.032,6.2832
0.03201,6.2832
0.03202,6.2832
0.03203,6.2832
0.03204,6.2832
0.03205,6.2832
0.03206,6.2832
0.03207,6.2832
0.03208,6.2832
0.03209,6.2832
0.0321,6.2832
0.03211,6.2832
0.03212,6.2832
0.03213,6.2832
0.03214,6.2832
0.03215,6.2832
0.03216,6.2832
0.03217,6.2832
0.03218,6.2832
0.03219,6.2832
0.0322,6.2832
0.03221,6.2832
0.03222,6.2832
0.03223,6.2832
0.03224,6.2832
0.03225,6.2832
0.03226,6.2832
0.03227,6.2832
0.03228,6.2832
0.03229,6.2832
0.0323,6.2832
0.03231,6.2832
0.03232,6.2832
0.03233,6.2832
0.03234,6.2832
0.03235,6.2832
0.03236,6.2832
0.03237,6.2832
0.03238,6.2832
0.03239,6.2832
0.0324,6.2832
0.03241,6.2832
0.03242,6.2832
0.03243,6.2832
0.03244,6.2832
0.03245,6.2832
0.03246,6.2832
0.03247,6.2832
0.03248,6.2832
0.03249,6.2832
0.0325,6.2832
0.03251,6.2832
0.03252,6.2832
0.03253,6.2832
0.03254,6.2832
0.03255,6.2832
0.03256,6.2832
0.03257,6.2832
0.03258,6.2832
0.03259,6.2832
0.0326,6.2832
0.03261,6.2832
0.03262,6.2832
0.03263,6.2832
0.03264,6.2832
0.03265,6.2832
0.03266,6.2832
0.03267,6.2832
0.03268,6.2832
0.03269,6.2832
0.0327,6.2832
0.03271,6.2832
0.03272,6.2832
0.03273,6.2832
0.03274,6.2832
0.03275,6.2832
0.03276,6.2832
0.03277,6.2832
0.03278,6.2832
0.03279,6.2832
0.0328,6.2832
0.03281,6.2832
0.03282,6.2832
0.03283,6.2832
0.03284,6.2832
0.03285,6.2832
0.03286,6.2832
0.03287,6.2832
0.03288,6.2832
0.03289,6.2832
0.0329,6.2832
0.03291,6.2832
0.03292,6.2832
0.03293,6.2832
0.03294,6.2832
0.03295,6.2832
0.03296,6.2832
0.03297,6.2832
0.03298,6.2832
0.03299,6.2832
0.033,6.2832
0.03301,6.2832
0.03302,6.2832
0.03303,6.2832
0.03304,6.2832
0.03305,6.2832
0.03306,6.2832
0.03307,6.2832
0.03308,6.2832
0.03309,6.2832
0.0331,6.2832
0.03311,6.2832
0.03312,6.2832
0.03313,6.2832
0.03314,6.2832
0.03315,6.2832
0.03316,6.2832
0.03317,6.2832
0.03318,6.2832
0.03319,6.2832
0.0332,6.2832
0.03321,6.2832
0.03322,6.2832
0.03323,6.2832
0.03324,6.2832
0.03325,6.2832
0.03326,6.2832
0.03327,6.2832
0.03328,6.2832
0.03329,6.2832
0.0333,6.2832
0.03331,6.2832
0.03332,6.2832
0.03333,6.2832
0.03334,6.2832
0.03335,6.2832
0.03336,6.2832
0.03337,6.2832
0.03338,6.2832
0.03339,6.2832
0.0334,6.2832
0.03341,6.2832
0.03342,6.2832
0.03343,6.2832
0.03344,6.2832
0.03345,6.2832
0.03346,6.2832
0.03347,6.2832
0.03348,6.2832
0.03349,6.2832
0.0335,6.2832
0.03351,6.2832
0.03352,6.2832
0.03353,6.2832
0.03354,6.2832
0.03355,6.2832
0.03356,6.2832
0.03357,6.2832
0.03358,6.2832
0.03359,6.2832
0.0336,6.2832
0.03361,6.2832
0.03362,6.2832
0.03363,6.2832
0.03364,6.2832
0.03365,6.2832
0.03366,6.2832
0.03367,6.2832
0.03368,6.2832
0.03369,6.2832
0.0337,6.2832
0.03371,6.2832
0.03372,6.2832
0.03373,6.2832
0.03374,6.2832
0.03375,6.2832
0.03376,6.2832
0.03377,6.2832
0.03378,6.2832
0.03379,6.2832
0.0338,6.2832
0.03381,6.2832
0.03382,6.2832
0.03383,6.2832
0.03384,6.2832
0.03385,6.2832
0.03386,6.2832
0.03387,6.2832
0.03388,6.2832
0.03389,6.2832
0.0339,6.2832
0.03391,6.2832
0.03392,6.2832
0.03393,6.2832
0.03394,6.2832
0.03395,6.2832
0.03396,6.2832
0.03397,6.2832
0.03398,6.2832
0.03399,6.2832
0.034,6.2832
0.03401,6.2832
0.03402,6.2832
0.03403,6.2832
0.03404,6.2832
0.03405,6.2832
0.03406,6.2832
0.03407,6.2832
0.03408,6.2832
0.03409,6.2832
0.0341,6.2832
0.03411,6.2832
0.03412,6.2832
0.03413,6.2832
0.03414,6.2832
0.03415,6.2832
0.03416,6.2832
0.03417,6.2832
0.03418,6.2832
0.03419,6.2832
0.0342,6.2832
0.03421,6.2832
0.03422,6.2832
0.03423,6.2832
0.03424,6.2832
0.03425,6.2832
0.03426,6.2832
0.03427,6.2832
0.03428,6.2832
0.03429,6.2832
0.0343,6.2832
0.03431,6.2832
0.03432,6.2832
0.03433,6.2832
0.03434,6.2832
0.03435,6.2832
0.03436,6.2832
0.03437,6.2832
0.03438,6.2832
0.03439,6.2832
0.0344,6.2832
0.03441,6.2832
0.03442,6.2832
0.03443,6.2832
0.03444,6.2832
0.03445,6.2832
0.03446,6.2832
0.03447,6.2832
0.03448,6.2832
0.03449,6.2832
0.0345,6.2832
0.03451,6.2832
0.03452,6.2832
0.03453,6.2832
0.03454,6.2832
0.03455,6.2832
0.03456,6.2832
0.03457,6.2832
0.03458,6.2832
0.03459,6.2832
0.0346,6.2832
0.03461,6.2832
0.03462,6.2832
0.03463,6.2832
0.03464,6.2832
0.03465,6.2832
0.03466,6.2832
0.03467,6.2832
0.03468,6.2832
0.03469,6.2832
0.0347,6.2832
0.03471,6.2832
0.03472,6.2832
0.03473,6.2832
0.03474,6.2832
0.03475,6.2832
0.03476,6.2832
0.03477,6.2832
0.03478,6.2832
0.03479,6.2832
0.0348,6.2832
0.03481,6.2832
0.03482,6.2832
0.03483,6.2832
0.03484,6.2832
0.03485,6.2832
0.03486,6.2832
0.03487,6.2832
0.03488,6.2832
0.03489,6.2832
0.0349,6.2832
0.03491,6.2832
0.03492,6.2832
0.03493,6.2832
0.03494,6.2832
0.03495,6.2832
0.03496,6.2832
0.03497,6.2832
0.03498,6.2832
0.03499,6.2832
0.035,6.2832
0.03501,6.2832
0.03502,6.2832
0.03503,6.2832
0.03504,6.2832
0.03505,6.2832
0.03506,6.2832
0.03507,6.2832
0.03508,6.2832
0.03509,6.2832
0.0351,6.2832
0.03511,6.2832
0.03512,6.2832
0.03513,6.2832
0.03514,6.2832
0.03515,6.2832
0.03516,6.2832
0.03517,6.2832
0.03518,6.2832
0.03519,6.2832
0.0352,6.2832
0.03521,6.2832
0.03522,6.2832
0.03523,6.2832
0.03524,6.2832
0.03525,6.2832
0.03526,6.2832
0.03527,6.2832
0.03528,6.2832
0.03529,6.2832
0.0353,6.2832
0.03531,6.2832
0.03532,6.2832
0.03533,6.2832
0.03534,6.2832
0.03535,6.2832
0.03536,6.2832
0.03537,6.2832
0.03538,6.2832
0.03539,6.2832
0.0354,6.2832
0.03541,6.2832
0.03542,6.2832
0.03543,6.2832
0.03544,6.2832
0.03545,6.2832
0.03546,6.2832
0.03547,6.2832
0.03548,6.2832
0.03549,6.2833
0.0355,6.2833
0.03551,6.2833
0.03552,6.2833
0.03553,6.2833
0.03554,6.2833
0.03555,6.2833
0.03556,6.2833
0.03557,6.2833
0.03558,6.2833
0.03559,6.2833
0.0356,6.2833
0.03561,6.2833
0.03562,6.2833
0.03563,6.2833
0.03564,6.2833
0.03565,6.2833
0.03566,6.2833
0.03567,6.2833
0.03568,6.2833
0.03569,6.2833
0.0357,6.2833
0.03571,6.2833
0.03572,6.2833
0.03573,6.2833
0.03574,6.2833
0.03575,6.2833
0.03576,6.2833
0.03577,6.2833
0.03578,6.2833
0.03579,6.2833
0.0358,6.2833
0.03581,6.2833
0.03582,6.2833
0.03583,6.2833
0.03584,6.2833
0.03585,6.2833
0.03586,6.2833
0.03587,6.2833
0.03588,6.2833
0.03589,6.2833
0.0359,6.2833
0.03591,6.2833
0.03592,6.2833
0.03593,6.2833
0.03594,6.2833
0.03595,6.2833
0.03596,6.2833
0.03597,6.2833
0.03598,6.2833
0.03599,6.2833
0.036,6.2833
0.03601,6.2833
0.03602,6.2833
0.03603,6.2833
0.03604,6.2833
0.03605,6.2833
0.03606,6.2833
0.03607,6.2833
0.03608,6.2833
0.03609,6.2833
0.0361,6.2833
0.03611,6.2833
0.03612,6.2833
0.03613,6.2833
0.03614,6.2833
0.03615,6.2833
0.03616,6.2833
0.03617,6.2833
0.03618,6.2833
0.03619,6.2833
0.0362,6.2833
0.03621,6.2833
0.03622,6.2833
0.03623,6.2833
0.03624,6.2833
0.03625,6.2833
0.03626,6.2833
0.03627,6.2833
0.03628,6.2833
0.03629,6.2833
0.0363,6.2833
0.03631,6.2833
0.03632,6.2833
0.03633,6.2833
0.03634,6.2833
0.03635,6.2833
0.03636,6.2833
0.03637,6.2833
0.03638,6.2833
0.03639,6.2833
0.0364,6.2833
0.03641,6.2833
0.03642,6.2833
0.03643,6.2833
0.03644,6.2833
0.03645,6.2833
0.03646,6.2833
0.03647,6.2833
0.03648,6.2833
0.03649,6.2833
0.0365,6.2833
0.03651,6.2833
0.03652,6.2833
0.03653,6.2833
0.03654,6.2833
0.03655,6.2833
0.03656,6.2833
0.03657,6.2833
0.03658,6.2833
0.03659,6.2833
0.0366,6.2833
0.03661,6.2833
0.03662,6.2833
0.03663,6.2833
0.03664,6.2833
0.03665,6.2833
0.03666,6.2833
0.03667,6.2833
0.03668,6.2833
0.03669,6.2833
0.0367,6.2833
0.03671,6.2833
0.03672,6.2833
0.03673,6.2833
0.03674,6.2833
0.03675,6.2833
0.03676,6.2833
0.03677,6.2833
0.03678,6.2833
0.03679,6.2833
0.0368,6.2833
0.03681,6.2833
0.03682,6.2833
0.03683,6.2833
0.03684,6.2833
0.03685,6.2833
0.03686,6.2833
0.03687,6.2833
0.03688,6.2833
0.03689,6.2833
0.0369,6.2833
0.03691,6.2833
0.03692,6.2833
0.03693,6.2833
0.03694,6.2833
0.03695,6.2833
0.03696,6.2833
0.03697,6.2833
0.03698,6.2833
0.03699,6.2833
0.037,6.2833
0.03701,6.2833
0.03702,6.2833
0.03703,6.2833
0.03704,6.2833
0.03705,6.2833
0.03706,6.2833
0.03707,6.2833
0.03708,6.2833
0.03709,6.2833
0.0371,6.2832
0.03711,6.2832
0.03712,6.2832
0.03713,6.2832
0.03714,6.2832
0.03715,6.2832
0.03716,6.2832
0.03717,6.2832
0.03718,6.2832
0.03719,6.2832
0.0372,6.2832
0.03721,6.2832
0.03722,6.2832
0.03723,6.2832
0.03724,6.2832
0.03725,6.2832
0.03726,6.2832
0.03727,6.2832
0.03728,6.2832
0.03729,6.2832
0.0373,6.2832
0.03731,6.2832
0.03732,6.2832
0.03733,6.2832
0.03734,6.2832
0.03735,6.2832
0.03736,6.2832
0.03737,6.2832
0.03738,6.2832
0.03739,6.2832
0.0374,6.2832
0.03741,6.2832
0.03742,6.2832
0.03743,6.2832
0.03744,6.2832
0.03745,6.2832
0.03746,6.2832
0.03747,6.2832
0.03748,6.2832
0.03749,6.2832
0.0375,6.2832
0.03751,6.2831
0.03752,6.2831
0.03753,6.2831
0.03754,6.2831
0.03755,6.2831
0.03756,6.2831
0.03757,6.2831
0.03758,6.2831
0.03759,6.2831
0.0376,6.2831
0.03761,6.2831
0.03762,6.2831
0.03763,6.2831
0.03764,6.2831
0.03765,6.2831
0.03766,6.2831
0.03767,6.2831
0.03768,6.2831
0.03769,6.2831
0.0377,6.2831
0.03771,6.2831
0.03772,6.2831
0.03773,6.2831
0.03774,6.2831
0.03775,6.2831
0.03776,6.2831
0.03777,6.2831
0.03778,6.2831
0.03779,6.2831
0.0378,6.2831
0.03781,6.2831
0.03782,6.2831
0.03783,6.2831
0.03784,6.2831
0.03785,6.2831
0.03786,6.2831
0.03787,6.2831
0.03788,6.2831
0.03789,6.2831
0.0379,6.2831
0.03791,6.2831
0.03792,6.2831
0.03793,6.2831
0.03794,6.2831
0.03795,6.2831
0.03796,6.2831
0.03797,6.2831
0.03798,6.2831
0.03799,6.2831
0.038,6.2831
0.03801,6.2831
0.03802,6.2831
0.03803,6.2831
0.03804,6.2831
0.03805,6.2831
0.03806,6.2831
0.03807,6.2831
0.03808,6.2831
0.03809,6.2831
0.0381,6.2831
0.03811,6.2831
0.03812,6.2831
0.03813,6.2831
0.03814,6.2831
0.03815,6.2831
0.03816,6.2831
0.03817,6.2831
0.03818,6.2831
0.03819,6.2831
0.0382,6.2831
0.03821,6.2831
0.03822,6.2831
0.03823,6.2831
0.03824,6.2831
0.03825,6.2831
0.03826,6.2831
0.03827,6.2831
0.03828,6.2831
0.03829,6.2831
0.0383,6.2831
0.03831,6.2831
0.03832,6.2831
0.03833,6.2831
0.03834,6.2831
0.03835,6.2831
0.03836,6.2831
0.03837,6.2831
0.03838,6.2831
0.03839,6.2831
0.0384,6.2831
0.03841,6.2831
0.03842,6.2831
0.03843,6.2831
0.03844,6.2831
0.03845,6.2831
0.03846,6.2831
0.03847,6.2831
0.03848,6.2831
0.03849,6.2831
0.0385,6.2831
0.03851,6.2831
0.03852,6.2831
0.03853,6.2831
0.03854,6.2831
0.03855,6.2831
0.03856,6.2831
0.03857,6.2831
0.03858,6.2831
0.03859,6.2831
0.0386,6.2831
0.03861,6.2831
0.03862,6.2831
0.03863,6.2831
0.03864,6.2831
0.03865,6.2831
0.03866,6.2831
0.03867,6.2831
0.03868,6.2831
0.03869,6.2831
0.0387,6.2831
0.03871,6.2831
0.03872,6.2831
0.03873,6.2831
0.03874,6.2831
0.03875,6.2831
0.03876,6.2831
0.03877,6.2831
0.03878,6.2831
0.03879,6.2831
0.0388,6.2831
0.03881,6.2831
0.03882,6.2831
0.03883,6.2831
0.03884,6.2831
0.03885,6.2831
0.03886,6.2831
0.03887,6.2831
0.03888,6.2831
0.03889,6.2831
0.0389,6.2831
0.03891,6.2831
0.03892,6.2831
0.03893,6.2831
0.03894,6.2831
0.03895,6.2831
0.03896,6.2831
0.03897,6.2831
0.03898,6.2831
0.03899,6.2831
0.039,6.2831
0.03901,6.2831
0.03902,6.2831
0.03903,6.2831
0.03904,6.2831
0.03905,6.2832
0.03906,6.2832
0.03907,6.2832
0.03908,6.2832
0.03909,6.2832
0.0391,6.2832
0.03911,6.2832
0.03912,6.2832
0.03913,6.2832
0.03914,6.2832
0.03915,6.2832
0.03916,6.2832
0.03917,6.2832
0.03918,6.2832
0.03919,6.2832
0.0392,6.2832
0.03921,6.2832
0.03922,6.2832
0.03923,6.2832
0.03924,6.2832
0.03925,6.2832
0.03926,6.2832
0.03927,6.2832
0.03928,6.2832
0.03929,6.2832
0.0393,6.2832
0.03931,6.2832
0.03932,6.2832
0.03933,6.2832
0.03934,6.2832
0.03935,6.2832
0.03936,6.2832
0.03937,6.2832
0.03938,6.2832
0.03939,6.2832
0.0394,6.2832
0.03941,6.2832
0.03942,6.2832
0.03943,6.2832
0.03944,6.2832
0.03945,6.2832
0.03946,6.2832
0.03947,6.2832
0.03948,6.2832
0.03949,6.2832
0.0395,6.2832
0.03951,6.2832
0.03952,6.2832
0.03953,6.2832
0.03954,6.2832
0.03955,6.2832
0.03956,6.2832
0.03957,6.2832
0.03958,6.2832
0.03959,6.2832
0.0396,6.2832
0.03961,6.2832
0.03962,6.2832
0.03963,6.2832
0.03964,6.2832
0.03965,6.2832
0.03966,6.2832
0.03967,6.2832
0.03968,6.2832
0.03969,6.2832
0.0397,6.2832
0.03971,6.2832
0.03972,6.2832
0.03973,6.2832
0.03974,6.2832
0.03975,6.2832
0.03976,6.2832
0.03977,6.2832
0.03978,6.2832
0.03979,6.2832
0.0398,6.2832
0.03981,6.2832
0.03982,6.2832
0.03983,6.2832
0.03984,6.2832
0.03985,6.2832
0.03986,6.2832
0.03987,6.2832
0.03988,6.2832
0.03989,6.2832
0.0399,6.2832
0.03991,6.2832
0.03992,6.2832
0.03993,6.2832
0.03994,6.2832
0.03995,6.2832
0.03996,6.2832
0.03997,6.2832
0.03998,6.2832
0.03999,6.2832
0.04,6.2832
0.04001,6.2832
0.04002,6.2832
0.04003,6.2832
0.04004,6.2832
0.04005,6.2832
0.04006,6.2832
0.04007,6.2832
0.04008,6.2832
0.04009,6.2832
0.0401,6.2832
0.04011,6.2832
0.04012,6.2832
0.04013,6.2832
0.04014,6.2832
0.04015,6.2832
0.04016,6.2832
0.04017,6.2832
0.04018,6.2832
0.04019,6.2832
0.0402,6.2832
0.04021,6.2832
0.04022,6.2832
0.04023,6.2832
0.04024,6.2832
0.04025,6.2832
0.04026,6.2832
0.04027,6.2832
0.04028,6.2832
0.04029,6.2832
0.0403,6.2832
0.04031,6.2832
0.04032,6.2832
0.04033,6.2832
0.04034,6.2832
0.04035,6.2832
0.04036,6.2832
0.04037,6.2832
0.04038,6.2832
0.04039,6.2832
0.0404,6.2832
0.04041,6.2832
0.04042,6.2832
0.04043,6.2832
0.04044,6.2832
0.04045,6.2832
0.04046,6.2832
0.04047,6.2832
0.04048,6.2832
0.04049,6.2832
0.0405,6.2832
0.04051,6.2832
0.04052,6.2832
0.04053,6.2832
0.04054,6.2832
0.04055,6.2832
0.04056,6.2832
0.04057,6.2832
0.04058,6.2832
0.04059,6.2832
0.0406,6.2832
0.04061,6.2832
0.04062,6.2832
0.04063,6.2832
0.04064,6.2832
0.04065,6.2832
0.04066,6.2832
0.04067,6.2832
0.04068,6.2832
0.04069,6.2832
0.0407,6.2832
0.04071,6.2832
0.04072,6.2832
0.04073,6.2832
0.04074,6.2832
0.04075,6.2832
0.04076,6.2832
0.04077,6.2832
0.04078,6.2832
0.04079,6.2832
0.0408,6.2832
0.04081,6.2832
0.04082,6.2832
0.04083,6.2832
0.04084,6.2832
0.04085,6.2832
0.04086,6.2832
0.04087,6.2832
0.04088,6.2832
0.04089,6.2832
0.0409,6.2832
0.04091,6.2832
0.04092,6.2832
0.04093,6.2832
0.04094,6.2832
0.04095,6.2832
0.04096,6.2832
0.04097,6.2832
0.04098,6.2832
0.04099,6.2832
0.041,6.2832
0.04101,6.2832
0.04102,6.2832
0.04103,6.2832
0.04104,6.2832
0.04105,6.2832
0.04106,6.2832
0.04107,6.2832
0.04108,6.2832
0.04109,6.2832
0.0411,6.2832
0.04111,6.2832
0.04112,6.2832
0.04113,6.2832
0.04114,6.2832
0.04115,6.2832
0.04116,6.2832
0.04117,6.2832
0.04118,6.2832
0.04119,6.2832
0.0412,6.2832
0.04121,6.2832
0.04122,6.2832
0.04123,6.2832
0.04124,6.2832
0.04125,6.2832
0.04126,6.2832
0.04127,6.2832
0.04128,6.2832
0.04129,6.2832
0.0413,6.2832
0.04131,6.2832
0.04132,6.2832
0.04133,6.2832
0.04134,6.2832
0.04135,6.2832
0.04136,6.2832
0.04137,6.2832
0.04138,6.2832
0.04139,6.2832
0.0414,6.2832
0.04141,6.2832
0.04142,6.2832
0.04143,6.2832
0.04144,6.2832
0.04145,6.2832
0.04146,6.2832
0.04147,6.2832
0.04148,6.2832
0.04149,6.2832
0.0415,6.2832
0.04151,6.2832
0.04152,6.2832
0.04153,6.2832
0.04154,6.2832
0.04155,6.2832
0.04156,6.2832
0.04157,6.2832
0.04158,6.2832
0.04159,6.2832
0.0416,6.2832
0.04161,6.2832
0.04162,6.2832
0.04163,6.2832
0.04164,6.2832
0.04165,6.2831
0.04166,6.2831
0.04167,6.2831
0.04168,6.2831
0.04169,6.2831
0.0417,6.2831
0.04171,6.2831
0.04172,6.2831
0.04173,6.2831
0.04174,6.2831
0.04175,6.2831
0.04176,6.2831
0.04177,6.2831
0.04178,6.2831
0.04179,6.2831
0.0418,6.2831
0.04181,6.2831
0.04182,6.2831
0.04183,6.2831
0.04184,6.2831
0.04185,6.2831
0.04186,6.2831
0.04187,6.2831
0.04188,6.2831
0.04189,6.2831
0.0419,6.2831
0.04191,6.2831
0.04192,6.2831
0.04193,6.2831
0.04194,6.2831
0.04195,6.2831
0.04196,6.2831
0.04197,6.2831
0.04198,6.283
0.04199,6.283
0.042,6.283
0.04201,6.283
0.04202,6.283
0.04203,6.283
0.04204,6.283
0.04205,6.283
0.04206,6.283
0.04207,6.283
0.04208,6.283
0.04209,6.283
0.0421,6.283
0.04211,6.283
0.04212,6.283
0.04213,6.283
0.04214,6.283
0.04215,6.283
0.04216,6.283
0.04217,6.283
0.04218,6.283
0.04219,6.283
0.0422,6.283
0.04221,6.283
0.04222,6.2829
0.04223,6.2829
0.04224,6.2829
0.04225,6.2829
0.04226,6.2829
0.04227,6.2829
0.04228,6.2829
0.04229,6.2829
0.0423,6.2829
0.04231,6.2829
0.04232,6.2829
0.04233,6.2829
0.04234,6.2829
0.04235,6.2829
0.04236,6.2829
0.04237,6.2829
0.04238,6.2829
0.04239,6.2829
0.0424,6.2829
0.04241,6.2829
0.04242,6.2829
0.04243,6.2829
0.04244,6.2829
0.04245,6.2829
0.04246,6.2829
0.04247,6.2828
0.04248,6.2828
0.04249,6.2828
0.0425,6.2828
0.04251,6.2828
0.04252,6.2828
0.04253,6.2828
0.04254,6.2828
0.04255,6.2828
0.04256,6.2828
0.04257,6.2828
0.04258,6.2828
0.04259,6.2828
0.0426,6.2828
0.04261,6.2828
0.04262,6.2828
0.04263,6.2828
0.04264,6.2828
0.04265,6.2828
0.04266,6.2828
0.04267,6.2828
0.04268,6.2828
0.04269,6.2828
0.0427,6.2828
0.04271,6.2828
0.04272,6.2828
0.04273,6.2828
0.04274,6.2828
0.04275,6.2828
0.04276,6.2828
0.04277,6.2828
0.04278,6.2828
0.04279,6.2828
0.0428,6.2827
0.04281,6.2827
0.04282,6.2827
0.04283,6.2827
0.04284,6.2827
0.04285,6.2827
0.04286,6.2827
0.04287,6.2827
0.04288,6.2827
0.04289,6.2827
0.0429,6.2827
0.04291,6.2827
0.04292,6.2827
0.04293,6.2827
0.04294,6.2827
0.04295,6.2827
0.04296,6.2827
0.04297,6.2827
0.04298,6.2827
0.04299,6.2827
0.043,6.2827
0.04301,6.2827
0.04302,6.2827
0.04303,6.2827
0.04304,6.2827
0.04305,6.2827
0.04306,6.2827
0.04307,6.2827
0.04308,6.2827
0.04309,6.2827
0.0431,6.2827
0.04311,6.2827
0.04312,6.2827
0.04313,6.2827
0.04314,6.2827
0.04315,6.2827
0.04316,6.2827
0.04317,6.2827
0.04318,6.2827
0.04319,6.2827
0.0432,6.2827
0.04321,6.2827
0.04322,6.2827
0.04323,6.2827
0.04324,6.2827
0.04325,6.2827
0.04326,6.2827
0.04327,6.2827
0.04328,6.2827
0.04329,6.2827
0.0433,6.2827
0.04331,6.2827
0.04332,6.2827
0.04333,6.2827
0.04334,6.2827
0.04335,6.2827
0.04336,6.2827
0.04337,6.2827
0.04338,6.2827
0.04339,6.2827
0.0434,6.2827
0.04341,6.2827
0.04342,6.2827
0.04343,6.2827
0.04344,6.2827
0.04345,6.2827
0.04346,6.2827
0.04347,6.2827
0.04348,6.2827
0.04349,6.2828
0.0435,6.2828
0.04351,6.2828
0.04352,6.2828
0.04353,6.2828
0.04354,6.2828
0.04355,6.2828
0.04356,6.2828
0.04357,6.2828
0.04358,6.2828
0.04359,6.2828
0.0436,6.2828
0.04361,6.2828
0.04362,6.2828
0.04363,6.2828
0.04364,6.2828
0.04365,6.2828
0.04366,6.2828
0.04367,6.2828
0.04368,6.2828
0.04369,6.2828
0.0437,6.2828
0.04371,6.2828
0.04372,6.2828
0.04373,6.2828
0.04374,6.2828
0.04375,6.2828
0.04376,6.2828
0.04377,6.2828
0.04378,6.2828
0.04379,6.2829
0.0438,6.2829
0.04381,6.2829
0.04382,6.2829
0.04383,6.2829
0.04384,6.2829
0.04385,6.2829
0.04386,6.2829
0.04387,6.2829
0.04388,6.2829
0.04389,6.2829
0.0439,6.2829
0.04391,6.2829
0.04392,6.2829
0.04393,6.2829
0.04394,6.2829
0.04395,6.2829
0.04396,6.2829
0.04397,6.2829
0.04398,6.2829
0.04399,6.283
0.044,6.283
0.04401,6.283
0.04402,6.283
0.04403,6.283
0.04404,6.283
0.04405,6.283
0.04406,6.283
0.04407,6.283
0.04408,6.283
0.04409,6.283
0.0441,6.283
0.04411,6.283
0.04412,6.283
0.04413,6.283
0.04414,6.283
0.04415,6.283
0.04416,6.2831
0.04417,6.2831
0.04418,6.2831
0.04419,6.2831
0.0442,6.2831
0.04421,6.2831
0.04422,6.2831
0.04423,6.2831
0.04424,6.2831
0.04425,6.2831
0.04426,6.2831
0.04427,6.2831
0.04428,6.2831
0.04429,6.2831
0.0443,6.2831
0.04431,6.2831
0.04432,6.2832
0.04433,6.2832
0.04434,6.2832
0.04435,6.2832
0.04436,6.2832
0.04437,6.2832
0.04438,6.2832
0.04439,6.2832
0.0444,6.2832
0.04441,6.2832
0.04442,6.2832
0.04443,6.2832
0.04444,6.2832
0.04445,6.2832
0.04446,6.2832
0.04447,6.2833
0.04448,6.2833
0.04449,6.2833
0.0445,6.2833
0.04451,6.2833
0.04452,6.2833
0.04453,6.2833
0.04454,6.2833
0.04455,6.2833
0.04456,6.2833
0.04457,6.2833
0.04458,6.2833
0.04459,6.2833
0.0446,6.2833
0.04461,6.2833
0.04462,6.2833
0.04463,6.2834
0.04464,6.2834
0.04465,6.2834
0.04466,6.2834
0.04467,6.2834
0.04468,6.2834
0.04469,6.2834
0.0447,6.2834
0.04471,6.2834
0.04472,6.2834
0.04473,6.2834
0.04474,6.2834
0.04475,6.2834
0.04476,6.2834
0.04477,6.2834
0.04478,6.2834
0.04479,6.2835
0.0448,6.2835
0.04481,6.2835
0.04482,6.2835
0.04483,6.2835
0.04484,6.2835
0.04485,6.2835
0.04486,6.2835
0.04487,6.2835
0.04488,6.2835
0.04489,6.2835
0.0449,6.2835
0.04491,6.2835
0.04492,6.2835
0.04493,6.2835
0.04494,6.2835
0.04495,6.2835
0.04496,6.2835
0.04497,6.2835
0.04498,6.2836
0.04499,6.2836
0.045,6.2836
0.04501,6.2836
0.04502,6.2836
0.04503,6.2836
0.04504,6.2836
0.04505,6.2836
0.04506,6.2836
0.04507,6.2836
0.04508,6.2836
0.04509,6.2836
0.0451,6.2836
0.04511,6.2836
0.04512,6.2836
0.04513,6.2836
0.04514,6.2836
0.04515,6.2836
0.04516,6.2836
0.04517,6.2836
0.04518,6.2836
0.04519,6.2836
0.0452,6.2836
0.04521,6.2836
0.04522,6.2836
0.04523,6.2836
0.04524,6.2836
0.04525,6.2836
0.04526,6.2836
0.04527,6.2836
0.04528,6.2836
0.04529,6.2836
0.0453,6.2836
0.04531,6.2837
0.04532,6.2837
0.04533,6.2837
0.04534,6.2837
0.04535,6.2837
0.04536,6.2837
0.04537,6.2837
0.04538,6.2837
0.04539,6.2837
0.0454,6.2837
0.04541,6.2837
0.04542,6.2837
0.04543,6.2836
0.04544,6.2836
0.04545,6.2836
0.04546,6.2836
0.04547,6.2836
0.04548,6.2836
0.04549,6.2836
0.0455,6.2836
0.04551,6.2836
0.04552,6.2836
0.04553,6.2836
0.04554,6.2836
0.04555,6.2836
0.04556,6.2836
0.04557,6.2836
0.04558,6.2836
0.04559,6.2836
0.0456,6.2836
0.04561,6.2836
0.04562,6.2836
0.04563,6.2836
0.04564,6.2836
0.04565,6.2836
0.04566,6.2836
0.04567,6.2836
0.04568,6.2836
0.04569,6.2836
0.0457,6.2836
0.04571,6.2836
0.04572,6.2835
0.04573,6.2835
0.04574,6.2835
0.04575,6.2835
0.04576,6.2835
0.04577,6.2835
0.04578,6.2835
0.04579,6.2835
0.0458,6.2835
0.04581,6.2835
0.04582,6.2835
0.04583,6.2835
0.04584,6.2835
0.04585,6.2835
0.04586,6.2835
0.04587,6.2835
0.04588,6.2835
0.04589,6.2835
0.0459,6.2834
0.04591,6.2834
0.04592,6.2834
0.04593,6.2834
0.04594,6.2834
0.04595,6.2834
0.04596,6.2834
0.04597,6.2834
0.04598,6.2834
0.04599,6.2834
0.046,6.2834
0.04601,6.2834
0.04602,6.2834
0.04603,6.2834
0.04604,6.2834
0.04605,6.2833
0.04606,6.2833
0.04607,6.2833
0.04608,6.2833
0.04609,6.2833
0.0461,6.2833
0.04611,6.2833
0.04612,6.2833
0.04613,6.2833
0.04614,6.2833
0.04615,6.2833
0.04616,6.2833
0.04617,6.2833
0.04618,6.2833
0.04619,6.2833
0.0462,6.2832
0.04621,6.2832
0.04622,6.2832
0.04623,6.2832
0.04624,6.2832
0.04625,6.2832
0.04626,6.2832
0.04627,6.2832
0.04628,6.2832
0.04629,6.2832
0.0463,6.2832
0.04631,6.2832
0.04632,6.2832
0.04633,6.2832
0.04634,6.2832
0.04635,6.2831
0.04636,6.2831
0.04637,6.2831
0.04638,6.2831
0.04639,6.2831
0.0464,6.2831
0.04641,6.2831
0.04642,6.2831
0.04643,6.2831
0.04644,6.2831
0.04645,6.2831
0.04646,6.2831
0.04647,6.2831
0.04648,6.2831
0.04649,6.2831
0.0465,6.283
0.04651,6.283
0.04652,6.283
0.04653,6.283
0.04654,6.283
0.04655,6.283
0.04656,6.283
0.04657,6.283
0.04658,6.283
0.04659,6.283
0.0466,6.283
0.04661,6.283
0.04662,6.283
0.04663,6.283
0.04664,6.283
0.04665,6.2829
0.04666,6.2829
0.04667,6.2829
0.04668,6.2829
0.04669,6.2829
0.0467,6.2829
0.04671,6.2829
0.04672,6.2829
0.04673,6.2829
0.04674,6.2829
0.04675,6.2829
0.04676,6.2829
0.04677,6.2829
0.04678,6.2829
0.04679,6.2829
0.0468,6.2829
0.04681,6.2829
0.04682,6.2828
0.04683,6.2828
0.04684,6.2828
0.04685,6.2828
0.04686,6.2828
0.04687,6.2828
0.04688,6.2828
0.04689,6.2828
0.0469,6.2828
0.04691,6.2828
0.04692,6.2828
0.04693,6.2828
0.04694,6.2828
0.04695,6.2828
0.04696,6.2828
0.04697,6.2828
0.04698,6.2828
0.04699,6.2828
0.047,6.2828
0.04701,6.2828
0.04702,6.2827
0.04703,6.2827
0.04704,6.2827
0.04705,6.2827
0.04706,6.2827
0.04707,6.2827
0.04708,6.2827
0.04709,6.2827
0.0471,6.2827
0.04711,6.2827
0.04712,6.2827
0.04713,6.2827
0.04714,6.2827
0.04715,6.2827
0.04716,6.2827
0.04717,6.2827
0.04718,6.2827
0.04719,6.2827
0.0472,6.2827
0.04721,6.2827
0.04722,6.2827
0.04723,6.2827
0.04724,6.2827
0.04725,6.2827
0.04726,6.2827
0.04727,6.2827
0.04728,6.2827
0.04729,6.2826
0.0473,6.2826
0.04731,6.2826
0.04732,6.2826
0.04733,6.2826
0.04734,6.2826
0.04735,6.2826
0.04736,6.2826
0.04737,6.2826
0.04738,6.2826
0.04739,6.2826
0.0474,6.2826
0.04741,6.2826
0.04742,6.2826
0.04743,6.2826
0.04744,6.2826
0.04745,6.2826
0.04746,6.2826
0.04747,6.2826
0.04748,6.2826
0.04749,6.2826
0.0475,6.2826
0.04751,6.2826
0.04752,6.2826
0.04753,6.2826
0.04754,6.2826
0.04755,6.2826
0.04756,6.2826
0.04757,6.2826
0.04758,6.2826
0.04759,6.2826
0.0476,6.2826
0.04761,6.2826
0.04762,6.2826
0.04763,6.2826
0.04764,6.2826
0.04765,6.2826
0.04766,6.2826
0.04767,6.2826
0.04768,6.2826
0.04769,6.2826
0.0477,6.2826
0.04771,6.2826
0.04772,6.2826
0.04773,6.2826
0.04774,6.2826
0.04775,6.2826
0.04776,6.2826
0.04777,6.2826
0.04778,6.2826
0.04779,6.2826
0.0478,6.2826
0.04781,6.2826
0.04782,6.2826
0.04783,6.2826
0.04784,6.2826
0.04785,6.2826
0.04786,6.2826
0.04787,6.2826
0.04788,6.2826
0.04789,6.2826
0.0479,6.2826
0.04791,6.2826
0.04792,6.2826
0.04793,6.2826
0.04794,6.2826
0.04795,6.2826
0.04796,6.2826
0.04797,6.2826
0.04798,6.2826
0.04799,6.2826
0.048,6.2826
0.04801,6.2826
0.04802,6.2826
0.04803,6.2826
0.04804,6.2826
0.04805,6.2826
0.04806,6.2826
0.04807,6.2826
0.04808,6.2826
0.04809,6.2826
0.0481,6.2826
0.04811,6.2827
0.04812,6.2827
0.04813,6.2827
0.04814,6.2827
0.04815,6.2827
0.04816,6.2827
0.04817,6.2827
0.04818,6.2827
0.04819,6.2827
0.0482,6.2827
0.04821,6.2827
0.04822,6.2827
0.04823,6.2827
0.04824,6.2827
0.04825,6.2827
0.04826,6.2827
0.04827,6.2827
0.04828,6.2827
0.04829,6.2827
0.0483,6.2827
0.04831,6.2827
0.04832,6.2827
0.04833,6.2827
0.04834,6.2827
0.04835,6.2827
0.04836,6.2827
0.04837,6.2827
0.04838,6.2828
0.04839,6.2828
0.0484,6.2828
0.04841,6.2828
0.04842,6.2828
0.04843,6.2828
0.04844,6.2828
0.04845,6.2828
0.04846,6.2828
0.04847,6.2828
0.04848,6.2828
0.04849,6.2828
0.0485,6.2828
0.04851,6.2828
0.04852,6.2828
0.04853,6.2828
0.04854,6.2828
0.04855,6.2828
0.04856,6.2828
0.04857,6.2828
0.04858,6.2829
0.04859,6.2829
0.0486,6.2829
0.04861,6.2829
0.04862,6.2829
0.04863,6.2829
0.04864,6.2829
0.04865,6.2829
0.04866,6.2829
0.04867,6.2829
0.04868,6.2829
0.04869,6.2829
0.0487,6.2829
0.04871,6.2829
0.04872,6.2829
0.04873,6.2829
0.04874,6.2829
0.04875,6.2829
0.04876,6.283
0.04877,6.283
0.04878,6.283
0.04879,6.283
0.0488,6.283
0.04881,6.283
0.04882,6.283
0.04883,6.283
0.04884,6.283
0.04885,6.283
0.04886,6.283
0.04887,6.283
0.04888,6.283
0.04889,6.283
0.0489,6.283
0.04891,6.283
0.04892,6.2831
0.04893,6.2831
0.04894,6.2831
0.04895,6.2831
0.04896,6.2831
0.04897,6.2831
0.04898,6.2831
0.04899,6.2831
0.049,6.2831
0.04901,6.2831
0.04902,6.2831
0.04903,6.2831
0.04904,6.2831
0.04905,6.2831
0.04906,6.2831
0.04907,6.2832
0.04908,6.2832
0.04909,6.2832
0.0491,6.2832
0.04911,6.2832
0.04912,6.2832
0.04913,6.2832
0.04914,6.2832
0.04915,6.2832
0.04916,6.2832
0.04917,6.2832
0.04918,6.2832
0.04919,6.2832
0.0492,6.2832
0.04921,6.2832
0.04922,6.2833
0.04923,6.2833
0.04924,6.2833
0.04925,6.2833
0.04926,6.2833
0.04927,6.2833
0.04928,6.2833
0.04929,6.2833
0.0493,6.2833
0.04931,6.2833
0.04932,6.2833
0.04933,6.2833
0.04934,6.2833
0.04935,6.2833
0.04936,6.2833
0.04937,6.2834
0.04938,6.2834
0.04939,6.2834
0.0494,6.2834
0.04941,6.2834
0.04942,6.2834
0.04943,6.2834
0.04944,6.2834
0.04945,6.2834
0.04946,6.2834
0.04947,6.2834
0.04948,6.2834
0.04949,6.2834
0.0495,6.2834
0.04951,6.2834
0.04952,6.2834
0.04953,6.2835
0.04954,6.2835
0.04955,6.2835
0.04956,6.2835
0.04957,6.2835
0.04958,6.2835
0.04959,6.2835
0.0496,6.2835
0.04961,6.2835
0.04962,6.2835
0.04963,6.2835
0.04964,6.2835
0.04965,6.2835
0.04966,6.2835
0.04967,6.2835
0.04968,6.2835
0.04969,6.2835
0.0497,6.2835
0.04971,6.2835
0.04972,6.2836
0.04973,6.2836
0.04974,6.2836
0.04975,6.2836
0.04976,6.2836
0.04977,6.2836
0.04978,6.2836
0.04979,6.2836
0.0498,6.2836
0.04981,6.2836
0.04982,6.2836
0.04983,6.2836
0.04984,6.2836
0.04985,6.2836
0.04986,6.2836
0.04987,6.2836
0.04988,6.2836
0.04989,6.2836
0.0499,6.2836
0.04991,6.2836
0.04992,6.2836
0.04993,6.2836
0.04994,6.2836
0.04995,6.2836
0.04996,6.2836
0.04997,6.2836
0.04998,6.2836
0.04999,6.2836
0.05,6.2836
