0,3.1415
1e-05,3.1415
2e-05,3.1414
3e-05,3.1414
4e-05,3.1414
5e-05,3.1414
6e-05,3.1413
7e-05,3.1413
8e-05,3.1413
9e-05,3.1412
0.0001,3.1412
0.00011,3.1412
0.00012,3.1412
0.00013,3.1411
0.00014,3.1411
0.00015,3.1411
0.00016,3.141
0.00017,3.141
0.00018,3.141
0.00019,3.1409
0.0002,3.1409
0.00021,3.1409
0.00022,3.1408
0.00023,3.1408
0.00024,3.1408
0.00025,3.1407
0.00026,3.1407
0.00027,3.1407
0.00028,3.1406
0.00029,3.1406
0.0003,3.1406
0.00031,3.1405
0.00032,3.1405
0.00033,3.1405
0.00034,3.1404
0.00035,3.1404
0.00036,3.1403
0.00037,3.1403
0.00038,3.1403
0.00039,3.1402
0.0004,3.1402
0.00041,3.1402
0.00042,3.1401
0.00043,3.1401
0.00044,3.14
0.00045,3.14
0.00046,3.14
0.00047,3.1399
0.00048,3.1399
0.00049,3.1398
0.0005,3.1398
0.00051,3.1398
0.00052,3.1397
0.00053,3.1397
0.00054,3.1396
0.00055,3.1396
0.00056,3.1395
0.00057,3.1395
0.00058,3.1395
0.00059,3.1394
0.0006,3.1394
0.00061,3.1393
0.00062,3.1393
0.00063,3.1392
0.00064,3.1392
0.00065,3.1391
0.00066,3.1391
0.00067,3.139
0.00068,3.139
0.00069,3.139
0.0007,3.1389
0.00071,3.1389
0.00072,3.1388
0.00073,3.1388
0.00074,3.1387
0.00075,3.1387
0.00076,3.1386
0.00077,3.1386
0.00078,3.1385
0.00079,3.1385
0.0008,3.1384
0.00081,3.1384
0.00082,3.1383
0.00083,3.1383
0.00084,3.1382
0.00085,3.1381
0.00086,3.1381
0.00087,3.138
0.00088,3.138
0.00089,3.1379
0.0009,3.1379
0.00091,3.1378
0.00092,3.1378
0.00093,3.1377
0.00094,3.1377
0.00095,3.1376
0.00096,3.1375
0.00097,3.1375
0.00098,3.1374
0.00099,3.1374
0.001,3.1373
0.00101,3.1373
0.00102,3.1372
0.00103,3.1371
0.00104,3.1371
0.00105,3.137
0.00106,3.137
0.00107,3.1369
0.00108,3.1368
0.00109,3.1368
0.0011,3.1367
0.00111,3.1367
0.00112,3.1366
0.00113,3.1365
0.00114,3.1365
0.00115,3.1364
0.00116,3.1363
0.00117,3.1363
0.00118,3.1362
0.00119,3.1361
0.0012,3.1361
0.00121,3.136
0.00122,3.136
0.00123,3.1359
0.00124,3.1358
0.00125,3.1358
0.00126,3.1357
0.00127,3.1356
0.00128,3.1356
0.00129,3.1355
0.0013,3.1354
0.00131,3.1353
0.00132,3.1353
0.00133,3.1352
0.00134,3.1351
0.00135,3.1351
0.00136,3.135
0.00137,3.1349
0.00138,3.1349
0.00139,3.1348
0.0014,3.1347
0.00141,3.1346
0.00142,3.1346
0.00143,3.1345
0.00144,3.1344
0.00145,3.1344
0.00146,3.1343
0.00147,3.1342
0.00148,3.1341
0.00149,3.1341
0.0015,3.134
0.00151,3.1339
0.00152,3.1338
0.00153,3.1338
0.00154,3.1337
0.00155,3.1336
0.00156,3.1335
0.00157,3.1334
0.00158,3.1334
0.00159,3.1333
0.0016,3.1332
0.00161,3.1331
0.00162,3.1331
0.00163,3.133
0.00164,3.1329
0.00165,3.1328
0.00166,3.1327
0.00167,3.1326
0.00168,3.1326
0.00169,3.1325
0.0017,3.1324
0.00171,3.1323
0.00172,3.1322
0.00173,3.1322
0.00174,3.1321
0.00175,3.132
0.00176,3.1319
0.00177,3.1318
0.00178,3.1317
0.00179,3.1317
0.0018,3.1316
0.00181,3.1315
0.00182,3.1314
0.00183,3.1313
0.00184,3.1312
0.00185,3.1311
0.00186,3.131
0.00187,3.131
0.00188,3.1309
0.00189,3.1308
0.0019,3.1307
0.00191,3.1306
0.00192,3.1305
0.00193,3.1304
0.00194,3.1303
0.00195,3.1303
0.00196,3.1302
0.00197,3.1301
0.00198,3.13
0.00199,3.1299
0.002,3.1298
0.00201,3.1297
0.00202,3.1296
0.00203,3.1295
0.00204,3.1294
0.00205,3.1293
0.00206,3.1293
0.00207,3.1292
0.00208,3.1291
0.00209,3.129
0.0021,3.1289
0.00211,3.1288
0.00212,3.1287
0.00213,3.1286
0.00214,3.1285
0.00215,3.1284
0.00216,3.1283
0.00217,3.1282
0.00218,3.1281
0.00219,3.128
0.0022,3.1279
0.00221,3.1278
0.00222,3.1277
0.00223,3.1276
0.00224,3.1275
0.00225,3.1274
0.00226,3.1273
0.00227,3.1273
0.00228,3.1272
0.00229,3.1271
0.0023,3.127
0.00231,3.1269
0.00232,3.1268
0.00233,3.1267
0.00234,3.1266
0.00235,3.1265
0.00236,3.1264
0.00237,3.1263
0.00238,3.1261
0.00239,3.126
0.0024,3.1259
0.00241,3.1258
0.00242,3.1257
0.00243,3.1256
0.00244,3.1255
0.00245,3.1254
0.00246,3.1253
0.00247,3.1252
0.00248,3.1252
0.00249,3.1251
0.0025,3.125
0.00251,3.1249
0.00252,3.1248
0.00253,3.1247
0.00254,3.1246
0.00255,3.1245
0.00256,3.1244
0.00257,3.1243
0.00258,3.1243
0.00259,3.1242
0.0026,3.1241
0.00261,3.124
0.00262,3.1239
0.00263,3.1238
0.00264,3.1237
0.00265,3.1236
0.00266,3.1235
0.00267,3.1234
0.00268,3.1234
0.00269,3.1233
0.0027,3.1232
0.00271,3.1231
0.00272,3.123
0.00273,3.1229
0.00274,3.1228
0.00275,3.1227
0.00276,3.1227
0.00277,3.1226
0.00278,3.1225
0.00279,3.1224
0.0028,3.1223
0.00281,3.1222
0.00282,3.1221
0.00283,3.122
0.00284,3.1219
0.00285,3.1219
0.00286,3.1218
0.00287,3.1217
0.00288,3.1216
0.00289,3.1215
0.0029,3.1214
0.00291,3.1213
0.00292,3.1212
0.00293,3.1212
0.00294,3.1211
0.00295,3.121
0.00296,3.1209
0.00297,3.1208
0.00298,3.1207
0.00299,3.1206
0.003,3.1206
0.00301,3.1205
0.00302,3.1204
0.00303,3.1203
0.00304,3.1202
0.00305,3.1201
0.00306,3.12
0.00307,3.12
0.00308,3.1199
0.00309,3.1198
0.0031,3.1197
0.00311,3.1196
0.00312,3.1195
0.00313,3.1195
0.00314,3.1194
0.00315,3.1193
0.00316,3.1192
0.00317,3.1191
0.00318,3.119
0.00319,3.119
0.0032,3.1189
0.00321,3.1188
0.00322,3.1187
0.00323,3.1186
0.00324,3.1185
0.00325,3.1185
0.00326,3.1184
0.00327,3.1183
0.00328,3.1182
0.00329,3.1181
0.0033,3.1181
0.00331,3.118
0.00332,3.1179
0.00333,3.1178
0.00334,3.1177
0.00335,3.1177
0.00336,3.1176
0.00337,3.1175
0.00338,3.1174
0.00339,3.1174
0.0034,3.1173
0.00341,3.1172
0.00342,3.1171
0.00343,3.117
0.00344,3.117
0.00345,3.1169
0.00346,3.1168
0.00347,3.1167
0.00348,3.1167
0.00349,3.1166
0.0035,3.1165
0.00351,3.1164
0.00352,3.1164
0.00353,3.1163
0.00354,3.1162
0.00355,3.1161
0.00356,3.1161
0.00357,3.116
0.00358,3.1159
0.00359,3.1158
0.0036,3.1158
0.00361,3.1157
0.00362,3.1156
0.00363,3.1156
0.00364,3.1155
0.00365,3.1154
0.00366,3.1153
0.00367,3.1153
0.00368,3.1152
0.00369,3.1151
0.0037,3.1151
0.00371,3.115
0.00372,3.1149
0.00373,3.1149
0.00374,3.1148
0.00375,3.1147
0.00376,3.1146
0.00377,3.1146
0.00378,3.1145
0.00379,3.1144
0.0038,3.1144
0.00381,3.1143
0.00382,3.1142
0.00383,3.1142
0.00384,3.1141
0.00385,3.1141
0.00386,3.114
0.00387,3.1139
0.00388,3.1139
0.00389,3.1138
0.0039,3.1137
0.00391,3.1137
0.00392,3.1136
0.00393,3.1136
0.00394,3.1135
0.00395,3.1134
0.00396,3.1134
0.00397,3.1133
0.00398,3.1132
0.00399,3.1132
0.004,3.1131
0.00401,3.1131
0.00402,3.113
0.00403,3.113
0.00404,3.113
0.00405,3.113
0.00406,3.113
0.00407,3.113
0.00408,3.113
0.00409,3.1129
0.0041,3.1129
0.00411,3.1129
0.00412,3.1129
0.00413,3.1129
0.00414,3.1129
0.00415,3.1129
0.00416,3.1129
0.00417,3.1129
0.00418,3.113
0.00419,3.113
0.0042,3.113
0.00421,3.113
0.00422,3.113
0.00423,3.113
0.00424,3.113
0.00425,3.113
0.00426,3.113
0.00427,3.1131
0.00428,3.1131
0.00429,3.1131
0.0043,3.1131
0.00431,3.1132
0.00432,3.1132
0.00433,3.1132
0.00434,3.1132
0.00435,3.1133
0.00436,3.1133
0.00437,3.1133
0.00438,3.1134
0.00439,3.1134
0.0044,3.1134
0.00441,3.1135
0.00442,3.1135
0.00443,3.1136
0.00444,3.1136
0.00445,3.1136
0.00446,3.1137
0.00447,3.1137
0.00448,3.1138
0.00449,3.1138
0.0045,3.1139
0.00451,3.114
0.00452,3.114
0.00453,3.1141
0.00454,3.1141
0.00455,3.1142
0.00456,3.1143
0.00457,3.1143
0.00458,3.1144
0.00459,3.1145
0.0046,3.1145
0.00461,3.1146
0.00462,3.1147
0.00463,3.1147
0.00464,3.1148
0.00465,3.1149
0.00466,3.115
0.00467,3.1151
0.00468,3.1151
0.00469,3.1152
0.0047,3.1153
0.00471,3.1154
0.00472,3.1155
0.00473,3.1156
0.00474,3.1157
0.00475,3.1158
0.00476,3.1159
0.00477,3.116
0.00478,3.1161
0.00479,3.1162
0.0048,3.1163
0.00481,3.1164
0.00482,3.1165
0.00483,3.1166
0.00484,3.1167
0.00485,3.1168
0.00486,3.117
0.00487,3.1171
0.00488,3.1172
0.00489,3.1173
0.0049,3.1174
0.00491,3.1176
0.00492,3.1177
0.00493,3.1178
0.00494,3.118
0.00495,3.1181
0.00496,3.1182
0.00497,3.1184
0.00498,3.1185
0.00499,3.1186
0.005,3.1188
0.00501,3.1189
0.00502,3.1191
0.00503,3.1192
0.00504,3.1194
0.00505,3.1195
0.00506,3.1197
0.00507,3.1199
0.00508,3.12
0.00509,3.1202
0.0051,3.1203
0.00511,3.1205
0.00512,3.1207
0.00513,3.1208
0.00514,3.121
0.00515,3.1212
0.00516,3.1214
0.00517,3.1215
0.00518,3.1217
0.00519,3.1219
0.0052,3.1221
0.00521,3.1223
0.00522,3.1225
0.00523,3.1227
0.00524,3.1229
0.00525,3.1231
0.00526,3.1233
0.00527,3.1235
0.00528,3.1237
0.00529,3.1239
0.0053,3.1241
0.00531,3.1243
0.00532,3.1245
0.00533,3.1247
0.00534,3.1249
0.00535,3.1251
0.00536,3.1254
0.00537,3.1256
0.00538,3.1258
0.00539,3.126
0.0054,3.1263
0.00541,3.1265
0.00542,3.1267
0.00543,3.127
0.00544,3.1272
0.00545,3.1275
0.00546,3.1277
0.00547,3.1279
0.00548,3.1282
0.00549,3.1284
0.0055,3.1287
0.00551,3.129
0.00552,3.1292
0.00553,3.1295
0.00554,3.1297
0.00555,3.13
0.00556,3.1303
0.00557,3.1305
0.00558,3.1308
0.00559,3.1311
0.0056,3.1314
0.00561,3.1317
0.00562,3.1321
0.00563,3.1324
0.00564,3.1327
0.00565,3.133
0.00566,3.1334
0.00567,3.1337
0.00568,3.134
0.00569,3.1344
0.0057,3.1347
0.00571,3.1351
0.00572,3.1354
0.00573,3.1358
0.00574,3.1361
0.00575,3.1365
0.00576,3.1369
0.00577,3.1372
0.00578,3.1376
0.00579,3.138
0.0058,3.1384
0.00581,3.1387
0.00582,3.1391
0.00583,3.1395
0.00584,3.1399
0.00585,3.1403
0.00586,3.1407
0.00587,3.1411
0.00588,3.1415
0.00589,3.142
0.0059,3.1424
0.00591,3.1428
0.00592,3.1432
0.00593,3.1437
0.00594,3.1441
0.00595,3.1445
0.00596,3.145
0.00597,3.1454
0.00598,3.1459
0.00599,3.1463
0.006,3.1468
0.00601,3.1472
0.00602,3.1477
0.00603,3.1482
0.00604,3.1486
0.00605,3.1491
0.00606,3.1496
0.00607,3.1501
0.00608,3.1506
0.00609,3.1511
0.0061,3.1516
0.00611,3.1521
0.00612,3.1526
0.00613,3.1531
0.00614,3.1536
0.00615,3.1541
0.00616,3.1547
0.00617,3.1552
0.00618,3.1557
0.00619,3.1562
0.0062,3.1568
0.00621,3.1573
0.00622,3.1579
0.00623,3.1584
0.00624,3.159
0.00625,3.1596
0.00626,3.1601
0.00627,3.1607
0.00628,3.1613
0.00629,3.1619
0.0063,3.1624
0.00631,3.163
0.00632,3.1636
0.00633,3.1642
0.00634,3.1648
0.00635,3.1654
0.00636,3.166
0.00637,3.1667
0.00638,3.1673
0.00639,3.1679
0.0064,3.1685
0.00641,3.1692
0.00642,3.1698
0.00643,3.1705
0.00644,3.1711
0.00645,3.1718
0.00646,3.1724
0.00647,3.1731
0.00648,3.1738
0.00649,3.1744
0.0065,3.1751
0.00651,3.1758
0.00652,3.1765
0.00653,3.1772
0.00654,3.1779
0.00655,3.1786
0.00656,3.1793
0.00657,3.18
0.00658,3.1807
0.00659,3.1814
0.0066,3.1821
0.00661,3.1829
0.00662,3.1836
0.00663,3.1844
0.00664,3.1851
0.00665,3.1859
0.00666,3.1866
0.00667,3.1874
0.00668,3.1882
0.00669,3.1889
0.0067,3.1897
0.00671,3.1905
0.00672,3.1913
0.00673,3.1921
0.00674,3.1929
0.00675,3.1937
0.00676,3.1945
0.00677,3.1953
0.00678,3.1962
0.00679,3.197
0.0068,3.1978
0.00681,3.1987
0.00682,3.1995
0.00683,3.2004
0.00684,3.2012
0.00685,3.2021
0.00686,3.203
0.00687,3.2038
0.00688,3.2047
0.00689,3.2056
0.0069,3.2065
0.00691,3.2074
0.00692,3.2083
0.00693,3.2092
0.00694,3.2101
0.00695,3.211
0.00696,3.212
0.00697,3.2129
0.00698,3.2138
0.00699,3.2148
0.007,3.2157
0.00701,3.2167
0.00702,3.2176
0.00703,3.2186
0.00704,3.2196
0.00705,3.2206
0.00706,3.2215
0.00707,3.2225
0.00708,3.2235
0.00709,3.2245
0.0071,3.2255
0.00711,3.2266
0.00712,3.2276
0.00713,3.2286
0.00714,3.2296
0.00715,3.2307
0.00716,3.2317
0.00717,3.2328
0.00718,3.2338
0.00719,3.2349
0.0072,3.236
0.00721,3.237
0.00722,3.2381
0.00723,3.2392
0.00724,3.2403
0.00725,3.2414
0.00726,3.2425
0.00727,3.2436
0.00728,3.2447
0.00729,3.2459
0.0073,3.247
0.00731,3.2481
0.00732,3.2493
0.00733,3.2504
0.00734,3.2516
0.00735,3.2527
0.00736,3.2539
0.00737,3.2551
0.00738,3.2563
0.00739,3.2575
0.0074,3.2587
0.00741,3.2599
0.00742,3.2611
0.00743,3.2623
0.00744,3.2635
0.00745,3.2647
0.00746,3.266
0.00747,3.2672
0.00748,3.2685
0.00749,3.2697
0.0075,3.271
0.00751,3.2723
0.00752,3.2735
0.00753,3.2748
0.00754,3.276
0.00755,3.2773
0.00756,3.2785
0.00757,3.2798
0.00758,3.2811
0.00759,3.2823
0.0076,3.2836
0.00761,3.2849
0.00762,3.2862
0.00763,3.2875
0.00764,3.2888
0.00765,3.2901
0.00766,3.2914
0.00767,3.2928
0.00768,3.2941
0.00769,3.2954
0.0077,3.2967
0.00771,3.2981
0.00772,3.2994
0.00773,3.3008
0.00774,3.3021
0.00775,3.3035
0.00776,3.3049
0.00777,3.3063
0.00778,3.3076
0.00779,3.309
0.0078,3.3104
0.00781,3.3118
0.00782,3.3132
0.00783,3.3146
0.00784,3.316
0.00785,3.3175
0.00786,3.3189
0.00787,3.3203
0.00788,3.3217
0.00789,3.3232
0.0079,3.3246
0.00791,3.3261
0.00792,3.3275
0.00793,3.329
0.00794,3.3305
0.00795,3.3319
0.00796,3.3334
0.00797,3.3349
0.00798,3.3364
0.00799,3.3379
0.008,3.3394
0.00801,3.3409
0.00802,3.3424
0.00803,3.3439
0.00804,3.3455
0.00805,3.347
0.00806,3.3485
0.00807,3.3501
0.00808,3.3516
0.00809,3.3532
0.0081,3.3547
0.00811,3.3563
0.00812,3.3579
0.00813,3.3594
0.00814,3.361
0.00815,3.3626
0.00816,3.3642
0.00817,3.3658
0.00818,3.3674
0.00819,3.369
0.0082,3.3706
0.00821,3.3722
0.00822,3.3739
0.00823,3.3755
0.00824,3.3771
0.00825,3.3788
0.00826,3.3804
0.00827,3.3821
0.00828,3.3837
0.00829,3.3854
0.0083,3.3871
0.00831,3.3887
0.00832,3.3904
0.00833,3.3921
0.00834,3.3938
0.00835,3.3955
0.00836,3.3972
0.00837,3.3989
0.00838,3.4006
0.00839,3.4023
0.0084,3.4039
0.00841,3.4056
0.00842,3.4072
0.00843,3.4089
0.00844,3.4105
0.00845,3.4122
0.00846,3.4139
0.00847,3.4155
0.00848,3.4172
0.00849,3.4189
0.0085,3.4205
0.00851,3.4222
0.00852,3.4239
0.00853,3.4255
0.00854,3.4272
0.00855,3.4289
0.00856,3.4306
0.00857,3.4323
0.00858,3.434
0.00859,3.4357
0.0086,3.4374
0.00861,3.4391
0.00862,3.4407
0.00863,3.4424
0.00864,3.4442
0.00865,3.4459
0.00866,3.4476
0.00867,3.4493
0.00868,3.451
0.00869,3.4527
0.0087,3.4544
0.00871,3.4561
0.00872,3.4578
0.00873,3.4596
0.00874,3.4613
0.00875,3.463
0.00876,3.4647
0.00877,3.4665
0.00878,3.4682
0.00879,3.4699
0.0088,3.4717
0.00881,3.4734
0.00882,3.4751
0.00883,3.4769
0.00884,3.4786
0.00885,3.4803
0.00886,3.4821
0.00887,3.4838
0.00888,3.4856
0.00889,3.4873
0.0089,3.4891
0.00891,3.4908
0.00892,3.4926
0.00893,3.4943
0.00894,3.4961
0.00895,3.4978
0.00896,3.4996
0.00897,3.5013
0.00898,3.5031
0.00899,3.5049
0.009,3.5066
0.00901,3.5084
0.00902,3.5101
0.00903,3.5119
0.00904,3.5137
0.00905,3.5154
0.00906,3.5172
0.00907,3.519
0.00908,3.5207
0.00909,3.5225
0.0091,3.5243
0.00911,3.526
0.00912,3.5278
0.00913,3.5296
0.00914,3.5313
0.00915,3.5331
0.00916,3.5349
0.00917,3.5367
0.00918,3.5384
0.00919,3.5402
0.0092,3.542
0.00921,3.5438
0.00922,3.5455
0.00923,3.5473
0.00924,3.5491
0.00925,3.5509
0.00926,3.5526
0.00927,3.5542
0.00928,3.5559
0.00929,3.5576
0.0093,3.5593
0.00931,3.561
0.00932,3.5627
0.00933,3.5644
0.00934,3.566
0.00935,3.5677
0.00936,3.5694
0.00937,3.571
0.00938,3.5727
0.00939,3.5744
0.0094,3.576
0.00941,3.5777
0.00942,3.5793
0.00943,3.581
0.00944,3.5826
0.00945,3.5842
0.00946,3.5859
0.00947,3.5875
0.00948,3.5891
0.00949,3.5908
0.0095,3.5924
0.00951,3.594
0.00952,3.5956
0.00953,3.5972
0.00954,3.5988
0.00955,3.6004
0.00956,3.602
0.00957,3.6036
0.00958,3.6052
0.00959,3.6068
0.0096,3.6083
0.00961,3.6099
0.00962,3.6115
0.00963,3.613
0.00964,3.6146
0.00965,3.6161
0.00966,3.6177
0.00967,3.6192
0.00968,3.6208
0.00969,3.6223
0.0097,3.6238
0.00971,3.6254
0.00972,3.6269
0.00973,3.6284
0.00974,3.6299
0.00975,3.6314
0.00976,3.6329
0.00977,3.6344
0.00978,3.6359
0.00979,3.6373
0.0098,3.6388
0.00981,3.6403
0.00982,3.6417
0.00983,3.6432
0.00984,3.6446
0.00985,3.6461
0.00986,3.6475
0.00987,3.649
0.00988,3.6504
0.00989,3.6518
0.0099,3.6532
0.00991,3.6546
0.00992,3.656
0.00993,3.6574
0.00994,3.6588
0.00995,3.6602
0.00996,3.6615
0.00997,3.6629
0.00998,3.6643
0.00999,3.6656
0.01,3.667
0.01001,3.6683
0.01002,3.6696
0.01003,3.671
0.01004,3.6723
0.01005,3.6736
0.01006,3.6749
0.01007,3.6762
0.01008,3.6775
0.01009,3.6787
0.0101,3.68
0.01011,3.6813
0.01012,3.6825
0.01013,3.6837
0.01014,3.6849
0.01015,3.686
0.01016,3.6872
0.01017,3.6883
0.01018,3.6895
0.01019,3.6906
0.0102,3.6917
0.01021,3.6928
0.01022,3.6939
0.01023,3.695
0.01024,3.696
0.01025,3.6971
0.01026,3.6982
0.01027,3.6992
0.01028,3.7002
0.01029,3.7012
0.0103,3.7022
0.01031,3.7032
0.01032,3.7042
0.01033,3.7051
0.01034,3.7061
0.01035,3.707
0.01036,3.7079
0.01037,3.7089
0.01038,3.7098
0.01039,3.7106
0.0104,3.7115
0.01041,3.7124
0.01042,3.7132
0.01043,3.7141
0.01044,3.7149
0.01045,3.7157
0.01046,3.7165
0.01047,3.7173
0.01048,3.718
0.01049,3.7188
0.0105,3.7195
0.01051,3.7202
0.01052,3.721
0.01053,3.7217
0.01054,3.7223
0.01055,3.723
0.01056,3.7237
0.01057,3.7243
0.01058,3.7249
0.01059,3.7255
0.0106,3.7261
0.01061,3.7267
0.01062,3.7273
0.01063,3.7278
0.01064,3.7283
0.01065,3.7289
0.01066,3.7294
0.01067,3.7299
0.01068,3.7303
0.01069,3.7308
0.0107,3.7312
0.01071,3.7316
0.01072,3.732
0.01073,3.7324
0.01074,3.7328
0.01075,3.7332
0.01076,3.7335
0.01077,3.7338
0.01078,3.7342
0.01079,3.7344
0.0108,3.7347
0.01081,3.7345
0.01082,3.7344
0.01083,3.7342
0.01084,3.7339
0.01085,3.7337
0.01086,3.7334
0.01087,3.733
0.01088,3.7327
0.01089,3.7322
0.0109,3.7318
0.01091,3.7313
0.01092,3.7308
0.01093,3.7302
0.01094,3.7296
0.01095,3.729
0.01096,3.7283
0.01097,3.7276
0.01098,3.7268
0.01099,3.726
0.011,3.7252
0.01101,3.7243
0.01102,3.7234
0.01103,3.7225
0.01104,3.7215
0.01105,3.7204
0.01106,3.7193
0.01107,3.7182
0.01108,3.717
0.01109,3.7158
0.0111,3.7146
0.01111,3.7133
0.01112,3.7119
0.01113,3.7105
0.01114,3.7091
0.01115,3.7076
0.01116,3.7061
0.01117,3.7045
0.01118,3.7029
0.01119,3.7013
0.0112,3.6996
0.01121,3.6978
0.01122,3.696
0.01123,3.6942
0.01124,3.6923
0.01125,3.6903
0.01126,3.6883
0.01127,3.6863
0.01128,3.6842
0.01129,3.682
0.0113,3.6798
0.01131,3.6776
0.01132,3.6753
0.01133,3.6729
0.01134,3.6705
0.01135,3.6681
0.01136,3.6656
0.01137,3.663
0.01138,3.6604
0.01139,3.6577
0.0114,3.655
0.01141,3.6522
0.01142,3.6494
0.01143,3.6465
0.01144,3.6436
0.01145,3.6406
0.01146,3.6376
0.01147,3.6345
0.01148,3.6313
0.01149,3.6277
0.0115,3.6237
0.01151,3.6196
0.01152,3.6153
0.01153,3.6109
0.01154,3.6063
0.01155,3.6016
0.01156,3.5966
0.01157,3.5915
0.01158,3.5863
0.01159,3.5808
0.0116,3.5751
0.01161,3.5693
0.01162,3.5632
0.01163,3.5569
0.01164,3.5505
0.01165,3.5438
0.01166,3.5369
0.01167,3.5298
0.01168,3.5224
0.01169,3.5148
0.0117,3.5063
0.01171,3.4974
0.01172,3.4882
0.01173,3.4785
0.01174,3.4685
0.01175,3.4579
0.01176,3.447
0.01177,3.4355
0.01178,3.4236
0.01179,3.4112
0.0118,3.3983
0.01181,3.3849
0.01182,3.3709
0.01183,3.3559
0.01184,3.34
0.01185,3.3232
0.01186,3.3057
0.01187,3.2872
0.01188,3.2678
0.01189,3.2475
0.0119,3.2262
0.01191,3.2039
0.01192,3.1803
0.01193,3.1552
0.01194,3.1288
0.01195,3.101
0.01196,3.0718
0.01197,3.041
0.01198,3.0086
0.01199,2.9747
0.012,2.9391
0.01201,2.9019
0.01202,2.8629
0.01203,2.8221
0.01204,2.7794
0.01205,2.7349
0.01206,2.6893
0.01207,2.6429
0.01208,2.5952
0.01209,2.5462
0.0121,2.4959
0.01211,2.4445
0.01212,2.3918
0.01213,2.3394
0.01214,2.2874
0.01215,2.2355
0.01216,2.1839
0.01217,2.1328
0.01218,2.0826
0.01219,2.0352
0.0122,1.9889
0.01221,1.9439
0.01222,1.9
0.01223,1.8573
0.01224,1.8165
0.01225,1.7779
0.01226,1.741
0.01227,1.706
0.01228,1.6726
0.01229,1.6409
0.0123,1.6109
0.01231,1.5827
0.01232,1.5555
0.01233,1.5299
0.01234,1.5057
0.01235,1.4828
0.01236,1.4608
0.01237,1.44
0.01238,1.4204
0.01239,1.4018
0.0124,1.384
0.01241,1.3671
0.01242,1.3511
0.01243,1.3357
0.01244,1.3211
0.01245,1.3071
0.01246,1.2938
0.01247,1.2811
0.01248,1.2688
0.01249,1.2571
0.0125,1.2459
0.01251,1.2351
0.01252,1.2248
0.01253,1.2148
0.01254,1.2051
0.01255,1.1959
0.01256,1.187
0.01257,1.1784
0.01258,1.1701
0.01259,1.162
0.0126,1.1543
0.01261,1.1468
0.01262,1.1395
0.01263,1.1325
0.01264,1.1257
0.01265,1.1191
0.01266,1.1129
0.01267,1.1068
0.01268,1.1009
0.01269,1.0951
0.0127,1.0896
0.01271,1.0841
0.01272,1.0788
0.01273,1.0736
0.01274,1.0685
0.01275,1.0635
0.01276,1.0586
0.01277,1.054
0.01278,1.0494
0.01279,1.045
0.0128,1.0407
0.01281,1.0364
0.01282,1.0322
0.01283,1.0281
0.01284,1.024
0.01285,1.02
0.01286,1.016
0.01287,1.012
0.01288,1.0081
0.01289,1.0044
0.0129,1.0008
0.01291,0.99718
0.01292,0.99364
0.01293,0.99013
0.01294,0.98666
0.01295,0.98323
0.01296,0.97983
0.01297,0.97645
0.01298,0.97309
0.01299,0.96975
0.013,0.96653
0.01301,0.96336
0.01302,0.96023
0.01303,0.95713
0.01304,0.95407
0.01305,0.95104
0.01306,0.94804
0.01307,0.94506
0.01308,0.94211
0.01309,0.93918
0.0131,0.93628
0.01311,0.9334
0.01312,0.93058
0.01313,0.92778
0.01314,0.92502
0.01315,0.92227
0.01316,0.91955
0.01317,0.91686
0.01318,0.91418
0.01319,0.91153
0.0132,0.9089
0.01321,0.90628
0.01322,0.90369
0.01323,0.90097
0.01324,0.89819
0.01325,0.89543
0.01326,0.89269
0.01327,0.88996
0.01328,0.88725
0.01329,0.88455
0.0133,0.88187
0.01331,0.87921
0.01332,0.87656
0.01333,0.87392
0.01334,0.87131
0.01335,0.86871
0.01336,0.86612
0.01337,0.86356
0.01338,0.861
0.01339,0.85847
0.0134,0.85595
0.01341,0.85344
0.01342,0.85095
0.01343,0.84848
0.01344,0.84603
0.01345,0.84359
0.01346,0.84116
0.01347,0.83875
0.01348,0.83636
0.01349,0.83398
0.0135,0.83162
0.01351,0.82928
0.01352,0.82695
0.01353,0.82464
0.01354,0.82234
0.01355,0.82006
0.01356,0.8178
0.01357,0.81555
0.01358,0.81332
0.01359,0.8111
0.0136,0.8089
0.01361,0.80672
0.01362,0.80455
0.01363,0.80239
0.01364,0.80026
0.01365,0.79791
0.01366,0.79554
0.01367,0.79318
0.01368,0.79083
0.01369,0.78847
0.0137,0.78613
0.01371,0.78378
0.01372,0.78144
0.01373,0.77911
0.01374,0.77678
0.01375,0.77445
0.01376,0.77213
0.01377,0.76981
0.01378,0.7675
0.01379,0.76519
0.0138,0.76289
0.01381,0.76059
0.01382,0.75829
0.01383,0.756
0.01384,0.75371
0.01385,0.75143
0.01386,0.74915
0.01387,0.74687
0.01388,0.7446
0.01389,0.74234
0.0139,0.74008
0.01391,0.73782
0.01392,0.73557
0.01393,0.73332
0.01394,0.73107
0.01395,0.72883
0.01396,0.7266
0.01397,0.72437
0.01398,0.72214
0.01399,0.71992
0.014,0.7177
0.01401,0.71548
0.01402,0.71327
0.01403,0.71107
0.01404,0.70887
0.01405,0.70667
0.01406,0.70446
0.01407,0.70215
0.01408,0.69983
0.01409,0.69752
0.0141,0.69521
0.01411,0.69289
0.01412,0.69057
0.01413,0.68826
0.01414,0.68594
0.01415,0.68361
0.01416,0.68129
0.01417,0.67897
0.01418,0.67664
0.01419,0.67432
0.0142,0.67199
0.01421,0.66966
0.01422,0.66733
0.01423,0.66499
0.01424,0.66266
0.01425,0.66033
0.01426,0.65799
0.01427,0.65565
0.01428,0.65331
0.01429,0.65097
0.0143,0.64863
0.01431,0.64629
0.01432,0.64394
0.01433,0.6416
0.01434,0.63925
0.01435,0.6369
0.01436,0.63455
0.01437,0.6322
0.01438,0.62985
0.01439,0.62749
0.0144,0.62514
0.01441,0.62278
0.01442,0.62042
0.01443,0.61807
0.01444,0.6157
0.01445,0.61334
0.01446,0.61098
0.01447,0.60861
0.01448,0.60624
0.01449,0.60385
0.0145,0.60146
0.01451,0.59907
0.01452,0.59667
0.01453,0.59427
0.01454,0.59187
0.01455,0.58947
0.01456,0.58706
0.01457,0.58465
0.01458,0.58224
0.01459,0.57983
0.0146,0.57741
0.01461,0.57499
0.01462,0.57257
0.01463,0.57015
0.01464,0.56772
0.01465,0.56529
0.01466,0.56286
0.01467,0.56042
0.01468,0.55799
0.01469,0.55555
0.0147,0.55311
0.01471,0.55066
0.01472,0.54821
0.01473,0.54576
0.01474,0.54331
0.01475,0.54086
0.01476,0.5384
0.01477,0.53594
0.01478,0.53348
0.01479,0.53101
0.0148,0.52855
0.01481,0.52608
0.01482,0.52363
0.01483,0.52118
0.01484,0.51874
0.01485,0.51629
0.01486,0.51384
0.01487,0.51139
0.01488,0.50894
0.01489,0.50649
0.0149,0.50404
0.01491,0.50159
0.01492,0.49914
0.01493,0.49669
0.01494,0.49423
0.01495,0.49178
0.01496,0.48932
0.01497,0.48686
0.01498,0.48441
0.01499,0.48195
0.015,0.47949
0.01501,0.47703
0.01502,0.47456
0.01503,0.4721
0.01504,0.46964
0.01505,0.46718
0.01506,0.46471
0.01507,0.46225
0.01508,0.45978
0.01509,0.45731
0.0151,0.45484
0.01511,0.45237
0.01512,0.4499
0.01513,0.44743
0.01514,0.44496
0.01515,0.44249
0.01516,0.44006
0.01517,0.43764
0.01518,0.43522
0.01519,0.43279
0.0152,0.43038
0.01521,0.42796
0.01522,0.42554
0.01523,0.42313
0.01524,0.42072
0.01525,0.41831
0.01526,0.4159
0.01527,0.41349
0.01528,0.41109
0.01529,0.40868
0.0153,0.40628
0.01531,0.40388
0.01532,0.40149
0.01533,0.39909
0.01534,0.3967
0.01535,0.39431
0.01536,0.39192
0.01537,0.38953
0.01538,0.38714
0.01539,0.38476
0.0154,0.38237
0.01541,0.37999
0.01542,0.37761
0.01543,0.37524
0.01544,0.37286
0.01545,0.37049
0.01546,0.36812
0.01547,0.36575
0.01548,0.36338
0.01549,0.36103
0.0155,0.35871
0.01551,0.3564
0.01552,0.3541
0.01553,0.3518
0.01554,0.3495
0.01555,0.34721
0.01556,0.34492
0.01557,0.34264
0.01558,0.34036
0.01559,0.33809
0.0156,0.33582
0.01561,0.33355
0.01562,0.33129
0.01563,0.32904
0.01564,0.32679
0.01565,0.32454
0.01566,0.3223
0.01567,0.32006
0.01568,0.31783
0.01569,0.31561
0.0157,0.31338
0.01571,0.31116
0.01572,0.30895
0.01573,0.30674
0.01574,0.30454
0.01575,0.30234
0.01576,0.30014
0.01577,0.29795
0.01578,0.29577
0.01579,0.29359
0.0158,0.29141
0.01581,0.28924
0.01582,0.28707
0.01583,0.28492
0.01584,0.28279
0.01585,0.28066
0.01586,0.27854
0.01587,0.27642
0.01588,0.27432
0.01589,0.27222
0.0159,0.27012
0.01591,0.26804
0.01592,0.26596
0.01593,0.26389
0.01594,0.26183
0.01595,0.25977
0.01596,0.25772
0.01597,0.25568
0.01598,0.25365
0.01599,0.25163
0.016,0.24961
0.01601,0.2476
0.01602,0.2456
0.01603,0.2436
0.01604,0.24162
0.01605,0.23964
0.01606,0.23767
0.01607,0.23571
0.01608,0.23376
0.01609,0.23182
0.0161,0.22989
0.01611,0.22796
0.01612,0.22604
0.01613,0.22413
0.01614,0.22223
0.01615,0.22034
0.01616,0.21846
0.01617,0.21659
0.01618,0.21472
0.01619,0.21287
0.0162,0.21102
0.01621,0.20919
0.01622,0.20736
0.01623,0.20554
0.01624,0.20373
0.01625,0.20194
0.01626,0.20015
0.01627,0.19837
0.01628,0.1966
0.01629,0.19482
0.0163,0.19305
0.01631,0.19129
0.01632,0.18954
0.01633,0.18779
0.01634,0.18606
0.01635,0.18433
0.01636,0.18262
0.01637,0.18091
0.01638,0.17921
0.01639,0.17752
0.0164,0.17584
0.01641,0.17417
0.01642,0.1725
0.01643,0.17085
0.01644,0.16921
0.01645,0.16757
0.01646,0.16595
0.01647,0.16433
0.01648,0.16272
0.01649,0.16113
0.0165,0.15954
0.01651,0.15796
0.01652,0.15639
0.01653,0.15483
0.01654,0.15328
0.01655,0.15174
0.01656,0.15021
0.01657,0.14869
0.01658,0.14718
0.01659,0.14568
0.0166,0.14419
0.01661,0.14271
0.01662,0.14124
0.01663,0.13978
0.01664,0.13833
0.01665,0.13689
0.01666,0.13546
0.01667,0.13404
0.01668,0.13263
0.01669,0.13123
0.0167,0.12984
0.01671,0.12846
0.01672,0.12709
0.01673,0.12573
0.01674,0.12438
0.01675,0.12302
0.01676,0.12167
0.01677,0.12033
0.01678,0.119
0.01679,0.11767
0.0168,0.11636
0.01681,0.11505
0.01682,0.11375
0.01683,0.11246
0.01684,0.11119
0.01685,0.10992
0.01686,0.10866
0.01687,0.1074
0.01688,0.10616
0.01689,0.10493
0.0169,0.10371
0.01691,0.10249
0.01692,0.10129
0.01693,0.10009
0.01694,0.098903
0.01695,0.097725
0.01696,0.096556
0.01697,0.095397
0.01698,0.094247
0.01699,0.093106
0.017,0.091975
0.01701,0.090852
0.01702,0.08974
0.01703,0.088636
0.01704,0.087542
0.01705,0.086457
0.01706,0.085381
0.01707,0.084315
0.01708,0.083258
0.01709,0.08221
0.0171,0.081172
0.01711,0.080143
0.01712,0.079123
0.01713,0.078113
0.01714,0.077112
0.01715,0.076121
0.01716,0.075139
0.01717,0.074167
0.01718,0.073204
0.01719,0.07225
0.0172,0.071299
0.01721,0.070344
0.01722,0.069396
0.01723,0.068456
0.01724,0.067525
0.01725,0.066601
0.01726,0.065686
0.01727,0.064779
0.01728,0.063879
0.01729,0.062988
0.0173,0.062104
0.01731,0.061229
0.01732,0.060361
0.01733,0.059502
0.01734,0.05865
0.01735,0.057806
0.01736,0.05697
0.01737,0.056141
0.01738,0.055321
0.01739,0.054508
0.0174,0.053703
0.01741,0.052906
0.01742,0.052117
0.01743,0.051335
0.01744,0.050561
0.01745,0.049795
0.01746,0.049036
0.01747,0.048285
0.01748,0.047542
0.01749,0.046806
0.0175,0.046077
0.01751,0.045357
0.01752,0.044644
0.01753,0.043938
0.01754,0.04324
0.01755,0.042549
0.01756,0.041866
0.01757,0.04119
0.01758,0.040521
0.01759,0.03986
0.0176,0.039207
0.01761,0.03856
0.01762,0.037921
0.01763,0.03729
0.01764,0.036665
0.01765,0.036048
0.01766,0.035432
0.01767,0.034817
0.01768,0.034208
0.01769,0.033606
0.0177,0.03301
0.01771,0.032421
0.01772,0.031838
0.01773,0.031261
0.01774,0.03069
0.01775,0.030125
0.01776,0.029567
0.01777,0.029015
0.01778,0.028469
0.01779,0.027928
0.0178,0.027394
0.01781,0.026866
0.01782,0.026343
0.01783,0.025827
0.01784,0.025316
0.01785,0.024812
0.01786,0.024313
0.01787,0.023819
0.01788,0.023332
0.01789,0.02285
0.0179,0.022374
0.01791,0.021903
0.01792,0.021438
0.01793,0.020978
0.01794,0.020524
0.01795,0.020076
0.01796,0.019633
0.01797,0.019195
0.01798,0.018762
0.01799,0.018335
0.018,0.017913
0.01801,0.017497
0.01802,0.017085
0.01803,0.016679
0.01804,0.016278
0.01805,0.015882
0.01806,0.015491
0.01807,0.015105
0.01808,0.014724
0.01809,0.014348
0.0181,0.013976
0.01811,0.01361
0.01812,0.013247
0.01813,0.012888
0.01814,0.012534
0.01815,0.012185
0.01816,0.01184
0.01817,0.0115
0.01818,0.011164
0.01819,0.010833
0.0182,0.010507
0.01821,0.010184
0.01822,0.0098663
0.01823,0.0095527
0.01824,0.0092434
0.01825,0.0089383
0.01826,0.0086375
0.01827,0.0083409
0.01828,0.0080484
0.01829,0.0077601
0.0183,0.0074758
0.01831,0.0071956
0.01832,0.0069193
0.01833,0.0066471
0.01834,0.0063787
0.01835,0.0061142
0.01836,0.0058536
0.01837,0.0055968
0.01838,0.0053438
0.01839,0.0050945
0.0184,0.004849
0.01841,0.0046071
0.01842,0.0043688
0.01843,0.0041341
0.01844,0.0039029
0.01845,0.0036753
0.01846,0.0034511
0.01847,0.0032304
0.01848,0.0030131
0.01849,0.0027991
0.0185,0.0025885
0.01851,0.0023812
0.01852,0.0021771
0.01853,0.0019762
0.01854,0.0017785
0.01855,0.001584
0.01856,0.0013925
0.01857,0.0012041
0.01858,0.0010187
0.01859,0.00083634
0.0186,0.00065691
0.01861,0.0004804
0.01862,0.00030675
0.01863,0.00013595
0.01864,-3.205e-05
0.01865,-0.00019729
0.01866,-0.0003598
0.01867,-0.00051963
0.01868,-0.0006768
0.01869,-0.00083136
0.0187,-0.00098334
0.01871,-0.0011328
0.01872,-0.0012797
0.01873,-0.0014242
0.01874,-0.0015663
0.01875,-0.0017059
0.01876,-0.0018433
0.01877,-0.0019783
0.01878,-0.002111
0.01879,-0.0022372
0.0188,-0.0023597
0.01881,-0.0024797
0.01882,-0.0025972
0.01883,-0.0027124
0.01884,-0.0028252
0.01885,-0.0029357
0.01886,-0.0030438
0.01887,-0.0031497
0.01888,-0.0032534
0.01889,-0.0033548
0.0189,-0.0034541
0.01891,-0.0035512
0.01892,-0.0036462
0.01893,-0.0037391
0.01894,-0.00383
0.01895,-0.0039189
0.01896,-0.0040058
0.01897,-0.0040907
0.01898,-0.0041737
0.01899,-0.0042548
0.019,-0.0043341
0.01901,-0.0044116
0.01902,-0.0044872
0.01903,-0.0045611
0.01904,-0.0046333
0.01905,-0.0047038
0.01906,-0.0047726
0.01907,-0.0048398
0.01908,-0.0049054
0.01909,-0.0049695
0.0191,-0.005032
0.01911,-0.005093
0.01912,-0.0051525
0.01913,-0.0052106
0.01914,-0.0052673
0.01915,-0.0053227
0.01916,-0.0053767
0.01917,-0.0054294
0.01918,-0.0054808
0.01919,-0.005531
0.0192,-0.0055799
0.01921,-0.0056277
0.01922,-0.0056744
0.01923,-0.0057199
0.01924,-0.0057644
0.01925,-0.0058078
0.01926,-0.0058502
0.01927,-0.0058916
0.01928,-0.005932
0.01929,-0.0059716
0.0193,-0.0060102
0.01931,-0.006048
0.01932,-0.006085
0.01933,-0.0061212
0.01934,-0.0061549
0.01935,-0.0061802
0.01936,-0.0062043
0.01937,-0.0062273
0.01938,-0.0062491
0.01939,-0.0062698
0.0194,-0.0062894
0.01941,-0.0063079
0.01942,-0.0063254
0.01943,-0.0063418
0.01944,-0.0063573
0.01945,-0.0063717
0.01946,-0.0063852
0.01947,-0.0063978
0.01948,-0.0064095
0.01949,-0.0064202
0.0195,-0.0064301
0.01951,-0.0064392
0.01952,-0.0064475
0.01953,-0.0064549
0.01954,-0.0064616
0.01955,-0.0064676
0.01956,-0.0064728
0.01957,-0.0064773
0.01958,-0.0064811
0.01959,-0.0064843
0.0196,-0.0064869
0.01961,-0.0064889
0.01962,-0.0064902
0.01963,-0.0064911
0.01964,-0.0064913
0.01965,-0.0064911
0.01966,-0.0064904
0.01967,-0.0064892
0.01968,-0.0064876
0.01969,-0.0064856
0.0197,-0.0064831
0.01971,-0.0064803
0.01972,-0.0064772
0.01973,-0.0064737
0.01974,-0.0064699
0.01975,-0.0064659
0.01976,-0.0064616
0.01977,-0.006457
0.01978,-0.0064523
0.01979,-0.0064474
0.0198,-0.0064423
0.01981,-0.0064371
0.01982,-0.0064317
0.01983,-0.0064263
0.01984,-0.0064208
0.01985,-0.0064153
0.01986,-0.0064097
0.01987,-0.0064042
0.01988,-0.0063987
0.01989,-0.0063932
0.0199,-0.0063818
0.01991,-0.0063663
0.01992,-0.0063503
0.01993,-0.006334
0.01994,-0.0063173
0.01995,-0.0063002
0.01996,-0.0062827
0.01997,-0.0062649
0.01998,-0.0062468
0.01999,-0.0062284
0.02,-0.0062096
0.02001,-0.0061906
0.02002,-0.0061713
0.02003,-0.0061517
0.02004,-0.0061319
0.02005,-0.0061119
0.02006,-0.0060916
0.02007,-0.0060711
0.02008,-0.0060505
0.02009,-0.0060297
0.0201,-0.0060087
0.02011,-0.0059876
0.02012,-0.0059663
0.02013,-0.0059449
0.02014,-0.0059235
0.02015,-0.0059019
0.02016,-0.0058802
0.02017,-0.0058585
0.02018,-0.0058368
0.02019,-0.005815
0.0202,-0.0057932
0.02021,-0.0057713
0.02022,-0.0057495
0.02023,-0.0057278
0.02024,-0.005706
0.02025,-0.0056843
0.02026,-0.0056627
0.02027,-0.0056411
0.02028,-0.0056197
0.02029,-0.0055983
0.0203,-0.0055771
0.02031,-0.005556
0.02032,-0.005535
0.02033,-0.0055143
0.02034,-0.0054936
0.02035,-0.0054732
0.02036,-0.005453
0.02037,-0.005433
0.02038,-0.0054133
0.02039,-0.0053938
0.0204,-0.0053745
0.02041,-0.0053556
0.02042,-0.0053369
0.02043,-0.0053185
0.02044,-0.0053005
0.02045,-0.0052825
0.02046,-0.0052572
0.02047,-0.0052318
0.02048,-0.0052064
0.02049,-0.0051809
0.0205,-0.0051553
0.02051,-0.0051298
0.02052,-0.0051042
0.02053,-0.0050785
0.02054,-0.0050529
0.02055,-0.0050272
0.02056,-0.0050016
0.02057,-0.0049759
0.02058,-0.0049503
0.02059,-0.0049247
0.0206,-0.0048991
0.02061,-0.0048735
0.02062,-0.0048479
0.02063,-0.0048224
0.02064,-0.004797
0.02065,-0.0047716
0.02066,-0.0047462
0.02067,-0.004721
0.02068,-0.0046958
0.02069,-0.0046707
0.0207,-0.0046456
0.02071,-0.0046207
0.02072,-0.0045959
0.02073,-0.0045712
0.02074,-0.0045466
0.02075,-0.0045221
0.02076,-0.0044977
0.02077,-0.0044735
0.02078,-0.0044494
0.02079,-0.0044255
0.0208,-0.0044017
0.02081,-0.0043781
0.02082,-0.0043546
0.02083,-0.0043313
0.02084,-0.0043082
0.02085,-0.0042853
0.02086,-0.0042626
0.02087,-0.0042401
0.02088,-0.0042178
0.02089,-0.0041957
0.0209,-0.0041738
0.02091,-0.0041521
0.02092,-0.0041307
0.02093,-0.0041095
0.02094,-0.0040886
0.02095,-0.0040679
0.02096,-0.0040475
0.02097,-0.0040273
0.02098,-0.0040074
0.02099,-0.0039878
0.021,-0.0039685
0.02101,-0.0039475
0.02102,-0.0039241
0.02103,-0.0039008
0.02104,-0.0038776
0.02105,-0.0038544
0.02106,-0.0038313
0.02107,-0.0038083
0.02108,-0.0037853
0.02109,-0.0037624
0.0211,-0.0037396
0.02111,-0.0037169
0.02112,-0.0036942
0.02113,-0.0036717
0.02114,-0.0036492
0.02115,-0.0036268
0.02116,-0.0036045
0.02117,-0.0035823
0.02118,-0.0035602
0.02119,-0.0035382
0.0212,-0.0035163
0.02121,-0.0034945
0.02122,-0.0034728
0.02123,-0.0034513
0.02124,-0.0034298
0.02125,-0.0034084
0.02126,-0.0033872
0.02127,-0.003366
0.02128,-0.003345
0.02129,-0.0033241
0.0213,-0.0033034
0.02131,-0.0032827
0.02132,-0.0032622
0.02133,-0.0032418
0.02134,-0.0032216
0.02135,-0.0032015
0.02136,-0.0031815
0.02137,-0.0031617
0.02138,-0.003142
0.02139,-0.0031224
0.0214,-0.003103
0.02141,-0.0030838
0.02142,-0.0030647
0.02143,-0.0030457
0.02144,-0.003027
0.02145,-0.0030083
0.02146,-0.0029899
0.02147,-0.0029716
0.02148,-0.0029534
0.02149,-0.0029354
0.0215,-0.0029176
0.02151,-0.0029
0.02152,-0.0028826
0.02153,-0.0028653
0.02154,-0.0028482
0.02155,-0.0028313
0.02156,-0.0028145
0.02157,-0.0027954
0.02158,-0.002776
0.02159,-0.0027567
0.0216,-0.0027375
0.02161,-0.0027183
0.02162,-0.0026992
0.02163,-0.0026802
0.02164,-0.0026613
0.02165,-0.0026425
0.02166,-0.0026237
0.02167,-0.0026051
0.02168,-0.0025865
0.02169,-0.002568
0.0217,-0.0025496
0.02171,-0.0025313
0.02172,-0.0025131
0.02173,-0.0024949
0.02174,-0.0024769
0.02175,-0.0024589
0.02176,-0.0024411
0.02177,-0.0024233
0.02178,-0.0024056
0.02179,-0.0023881
0.0218,-0.0023706
0.02181,-0.0023532
0.02182,-0.0023359
0.02183,-0.0023187
0.02184,-0.0023017
0.02185,-0.0022847
0.02186,-0.0022678
0.02187,-0.002251
0.02188,-0.0022344
0.02189,-0.0022178
0.0219,-0.0022013
0.02191,-0.002185
0.02192,-0.0021687
0.02193,-0.0021526
0.02194,-0.0021366
0.02195,-0.0021206
0.02196,-0.0021048
0.02197,-0.0020891
0.02198,-0.0020735
0.02199,-0.0020581
0.022,-0.0020427
0.02201,-0.0020275
0.02202,-0.0020123
0.02203,-0.0019973
0.02204,-0.0019824
0.02205,-0.0019677
0.02206,-0.001953
0.02207,-0.0019385
0.02208,-0.0019241
0.02209,-0.0019098
0.0221,-0.0018956
0.02211,-0.0018816
0.02212,-0.0018677
0.02213,-0.0018539
0.02214,-0.0018403
0.02215,-0.0018267
0.02216,-0.0018133
0.02217,-0.0018001
0.02218,-0.0017869
0.02219,-0.0017739
0.0222,-0.001761
0.02221,-0.0017483
0.02222,-0.0017357
0.02223,-0.0017232
0.02224,-0.0017109
0.02225,-0.0016987
0.02226,-0.0016866
0.02227,-0.0016747
0.02228,-0.0016629
0.02229,-0.0016513
0.0223,-0.0016398
0.02231,-0.0016284
0.02232,-0.0016172
0.02233,-0.0016061
0.02234,-0.0015952
0.02235,-0.0015833
0.02236,-0.0015708
0.02237,-0.0015584
0.02238,-0.001546
0.02239,-0.0015337
0.0224,-0.0015216
0.02241,-0.0015094
0.02242,-0.0014974
0.02243,-0.0014854
0.02244,-0.0014736
0.02245,-0.0014617
0.02246,-0.00145
0.02247,-0.0014384
0.02248,-0.0014268
0.02249,-0.0014153
0.0225,-0.0014039
0.02251,-0.0013925
0.02252,-0.0013813
0.02253,-0.0013701
0.02254,-0.001359
0.02255,-0.001348
0.02256,-0.001337
0.02257,-0.0013261
0.02258,-0.0013154
0.02259,-0.0013046
0.0226,-0.001294
0.02261,-0.0012834
0.02262,-0.001273
0.02263,-0.0012626
0.02264,-0.0012522
0.02265,-0.001242
0.02266,-0.0012318
0.02267,-0.0012217
0.02268,-0.0012117
0.02269,-0.0012018
0.0227,-0.0011919
0.02271,-0.0011822
0.02272,-0.0011725
0.02273,-0.0011628
0.02274,-0.0011533
0.02275,-0.0011438
0.02276,-0.0011344
0.02277,-0.0011251
0.02278,-0.0011159
0.02279,-0.0011068
0.0228,-0.0010977
0.02281,-0.0010887
0.02282,-0.0010798
0.02283,-0.0010709
0.02284,-0.0010622
0.02285,-0.0010535
0.02286,-0.0010449
0.02287,-0.0010364
0.02288,-0.0010279
0.02289,-0.0010196
0.0229,-0.0010113
0.02291,-0.0010031
0.02292,-0.00099495
0.02293,-0.0009869
0.02294,-0.00097893
0.02295,-0.00097104
0.02296,-0.00096323
0.02297,-0.00095549
0.02298,-0.00094784
0.02299,-0.00094026
0.023,-0.00093276
0.02301,-0.00092534
0.02302,-0.000918
0.02303,-0.00091074
0.02304,-0.00090355
0.02305,-0.00089645
0.02306,-0.00088943
0.02307,-0.00088248
0.02308,-0.00087561
0.02309,-0.00086882
0.0231,-0.00086212
0.02311,-0.00085549
0.02312,-0.00084893
0.02313,-0.00084222
0.02314,-0.00083514
0.02315,-0.00082811
0.02316,-0.00082113
0.02317,-0.00081421
0.02318,-0.00080733
0.02319,-0.00080051
0.0232,-0.00079374
0.02321,-0.00078702
0.02322,-0.00078035
0.02323,-0.00077374
0.02324,-0.00076717
0.02325,-0.00076065
0.02326,-0.00075418
0.02327,-0.00074777
0.02328,-0.0007414
0.02329,-0.00073508
0.0233,-0.0007288
0.02331,-0.00072258
0.02332,-0.0007164
0.02333,-0.00071027
0.02334,-0.00070419
0.02335,-0.00069816
0.02336,-0.00069217
0.02337,-0.00068623
0.02338,-0.00068033
0.02339,-0.00067448
0.0234,-0.00066868
0.02341,-0.00066292
0.02342,-0.0006572
0.02343,-0.00065153
0.02344,-0.00064591
0.02345,-0.00064032
0.02346,-0.00063478
0.02347,-0.00062929
0.02348,-0.00062383
0.02349,-0.00061842
0.0235,-0.00061305
0.02351,-0.00060773
0.02352,-0.00060244
0.02353,-0.0005972
0.02354,-0.000592
0.02355,-0.00058683
0.02356,-0.00058171
0.02357,-0.00057663
0.02358,-0.00057159
0.02359,-0.00056659
0.0236,-0.00056163
0.02361,-0.0005567
0.02362,-0.00055182
0.02363,-0.00054697
0.02364,-0.00054216
0.02365,-0.00053739
0.02366,-0.00053265
0.02367,-0.00052796
0.02368,-0.0005233
0.02369,-0.00051867
0.0237,-0.00051408
0.02371,-0.00050953
0.02372,-0.00050501
0.02373,-0.00050053
0.02374,-0.00049608
0.02375,-0.00049167
0.02376,-0.00048729
0.02377,-0.00048295
0.02378,-0.00047864
0.02379,-0.00047436
0.0238,-0.00047012
0.02381,-0.00046591
0.02382,-0.00046173
0.02383,-0.00045758
0.02384,-0.00045347
0.02385,-0.00044938
0.02386,-0.00044533
0.02387,-0.00044131
0.02388,-0.00043732
0.02389,-0.00043335
0.0239,-0.00042942
0.02391,-0.00042553
0.02392,-0.00042171
0.02393,-0.00041792
0.02394,-0.00041416
0.02395,-0.00041044
0.02396,-0.00040674
0.02397,-0.00040307
0.02398,-0.00039943
0.02399,-0.00039583
0.024,-0.00039225
0.02401,-0.0003887
0.02402,-0.00038518
0.02403,-0.00038168
0.02404,-0.00037822
0.02405,-0.00037478
0.02406,-0.00037137
0.02407,-0.00036799
0.02408,-0.00036463
0.02409,-0.0003613
0.0241,-0.00035799
0.02411,-0.00035472
0.02412,-0.00035146
0.02413,-0.00034824
0.02414,-0.00034503
0.02415,-0.00034186
0.02416,-0.0003387
0.02417,-0.00033558
0.02418,-0.00033247
0.02419,-0.00032939
0.0242,-0.00032633
0.02421,-0.0003233
0.02422,-0.00032029
0.02423,-0.0003173
0.02424,-0.00031433
0.02425,-0.00031139
0.02426,-0.00030846
0.02427,-0.00030556
0.02428,-0.00030268
0.02429,-0.00029982
0.0243,-0.00029698
0.02431,-0.00029416
0.02432,-0.00029136
0.02433,-0.00028859
0.02434,-0.00028583
0.02435,-0.00028309
0.02436,-0.00028036
0.02437,-0.00027766
0.02438,-0.00027498
0.02439,-0.00027231
0.0244,-0.00026966
0.02441,-0.00026703
0.02442,-0.00026441
0.02443,-0.00026181
0.02444,-0.00025923
0.02445,-0.00025667
0.02446,-0.00025412
0.02447,-0.00025159
0.02448,-0.00024907
0.02449,-0.00024657
0.0245,-0.00024408
0.02451,-0.00024161
0.02452,-0.00023915
0.02453,-0.0002367
0.02454,-0.00023427
0.02455,-0.00023186
0.02456,-0.00022945
0.02457,-0.00022706
0.02458,-0.00022468
0.02459,-0.00022232
0.0246,-0.00021996
0.02461,-0.00021762
0.02462,-0.00021529
0.02463,-0.00021297
0.02464,-0.00021066
0.02465,-0.00020836
0.02466,-0.00020608
0.02467,-0.0002038
0.02468,-0.00020153
0.02469,-0.00019927
0.0247,-0.00019722
0.02471,-0.00019522
0.02472,-0.00019324
0.02473,-0.00019128
0.02474,-0.00018933
0.02475,-0.0001874
0.02476,-0.00018549
0.02477,-0.0001836
0.02478,-0.00018172
0.02479,-0.00017986
0.0248,-0.00017801
0.02481,-0.00017618
0.02482,-0.00017437
0.02483,-0.00017257
0.02484,-0.00017079
0.02485,-0.00016902
0.02486,-0.00016727
0.02487,-0.00016554
0.02488,-0.00016382
0.02489,-0.00016211
0.0249,-0.00016042
0.02491,-0.00015874
0.02492,-0.00015708
0.02493,-0.00015543
0.02494,-0.0001538
0.02495,-0.00015217
0.02496,-0.00015057
0.02497,-0.00014897
0.02498,-0.00014739
0.02499,-0.00014583
0.025,-0.00014427
0.02501,-0.00014273
0.02502,-0.0001412
0.02503,-0.00013968
0.02504,-0.00013818
0.02505,-0.00013669
0.02506,-0.00013521
0.02507,-0.00013374
0.02508,-0.00013228
0.02509,-0.00013083
0.0251,-0.0001294
0.02511,-0.00012798
0.02512,-0.00012656
0.02513,-0.00012516
0.02514,-0.00012377
0.02515,-0.00012239
0.02516,-0.00012102
0.02517,-0.00011966
0.02518,-0.00011831
0.02519,-0.00011697
0.0252,-0.00011563
0.02521,-0.00011431
0.02522,-0.000113
0.02523,-0.00011169
0.02524,-0.0001104
0.02525,-0.00010911
0.02526,-0.00010783
0.02527,-0.00010656
0.02528,-0.0001053
0.02529,-0.00010405
0.0253,-0.0001028
0.02531,-0.00010156
0.02532,-0.00010033
0.02533,-9.911e-05
0.02534,-9.7893e-05
0.02535,-9.6684e-05
0.02536,-9.5481e-05
0.02537,-9.4285e-05
0.02538,-9.3096e-05
0.02539,-9.1912e-05
0.0254,-9.0735e-05
0.02541,-8.9564e-05
0.02542,-8.8399e-05
0.02543,-8.7239e-05
0.02544,-8.6084e-05
0.02545,-8.4935e-05
0.02546,-8.3791e-05
0.02547,-8.2652e-05
0.02548,-8.1713e-05
0.02549,-8.0927e-05
0.0255,-8.0153e-05
0.02551,-7.939e-05
0.02552,-7.8638e-05
0.02553,-7.7897e-05
0.02554,-7.7167e-05
0.02555,-7.6447e-05
0.02556,-7.5738e-05
0.02557,-7.504e-05
0.02558,-7.4351e-05
0.02559,-7.3673e-05
0.0256,-7.3005e-05
0.02561,-7.2347e-05
0.02562,-7.1699e-05
0.02563,-7.106e-05
0.02564,-7.0431e-05
0.02565,-6.9812e-05
0.02566,-6.9201e-05
0.02567,-6.86e-05
0.02568,-6.8008e-05
0.02569,-6.7425e-05
0.0257,-6.6851e-05
0.02571,-6.6285e-05
0.02572,-6.5728e-05
0.02573,-6.518e-05
0.02574,-6.464e-05
0.02575,-6.4108e-05
0.02576,-6.3584e-05
0.02577,-6.3068e-05
0.02578,-6.2559e-05
0.02579,-6.2059e-05
0.0258,-6.1566e-05
0.02581,-6.1081e-05
0.02582,-6.0602e-05
0.02583,-6.0131e-05
0.02584,-5.9668e-05
0.02585,-5.9211e-05
0.02586,-5.8761e-05
0.02587,-5.8317e-05
0.02588,-5.788e-05
0.02589,-5.745e-05
0.0259,-5.7026e-05
0.02591,-5.6608e-05
0.02592,-5.6197e-05
0.02593,-5.5791e-05
0.02594,-5.5391e-05
0.02595,-5.4997e-05
0.02596,-5.4608e-05
0.02597,-5.4225e-05
0.02598,-5.3847e-05
0.02599,-5.3474e-05
0.026,-5.3107e-05
0.02601,-5.2744e-05
0.02602,-5.2387e-05
0.02603,-5.2034e-05
0.02604,-5.1685e-05
0.02605,-5.1341e-05
0.02606,-5.1002e-05
0.02607,-5.0666e-05
0.02608,-5.0335e-05
0.02609,-5.0008e-05
0.0261,-4.9684e-05
0.02611,-4.9364e-05
0.02612,-4.9048e-05
0.02613,-4.8736e-05
0.02614,-4.8426e-05
0.02615,-4.812e-05
0.02616,-4.7817e-05
0.02617,-4.7517e-05
0.02618,-4.722e-05
0.02619,-4.6925e-05
0.0262,-4.6634e-05
0.02621,-4.6344e-05
0.02622,-4.6057e-05
0.02623,-4.5773e-05
0.02624,-4.549e-05
0.02625,-4.5209e-05
0.02626,-4.493e-05
0.02627,-4.4653e-05
0.02628,-4.4378e-05
0.02629,-4.4104e-05
0.0263,-4.3831e-05
0.02631,-4.356e-05
0.02632,-4.329e-05
0.02633,-4.302e-05
0.02634,-4.2752e-05
0.02635,-4.2484e-05
0.02636,-4.2217e-05
0.02637,-4.1951e-05
0.02638,-4.1684e-05
0.02639,-4.1418e-05
0.0264,-4.1152e-05
0.02641,-4.0887e-05
0.02642,-4.0621e-05
0.02643,-4.0354e-05
0.02644,-4.0088e-05
0.02645,-3.9821e-05
0.02646,-3.9553e-05
0.02647,-3.9284e-05
0.02648,-3.9015e-05
0.02649,-3.8745e-05
0.0265,-3.8473e-05
0.02651,-3.8201e-05
0.02652,-3.7926e-05
0.02653,-3.7651e-05
0.02654,-3.7374e-05
0.02655,-3.7095e-05
0.02656,-3.6814e-05
0.02657,-3.6531e-05
0.02658,-3.6246e-05
0.02659,-3.5959e-05
0.0266,-3.5669e-05
0.02661,-3.5377e-05
0.02662,-3.5083e-05
0.02663,-3.4785e-05
0.02664,-3.4485e-05
0.02665,-3.4182e-05
0.02666,-3.3875e-05
0.02667,-3.3566e-05
0.02668,-3.3253e-05
0.02669,-3.2936e-05
0.0267,-3.2616e-05
0.02671,-3.2292e-05
0.02672,-3.1965e-05
0.02673,-3.1633e-05
0.02674,-3.1298e-05
0.02675,-3.0958e-05
0.02676,-3.0613e-05
0.02677,-3.0264e-05
0.02678,-2.9911e-05
0.02679,-2.9553e-05
0.0268,-2.919e-05
0.02681,-2.8822e-05
0.02682,-2.8449e-05
0.02683,-2.8071e-05
0.02684,-2.7687e-05
0.02685,-2.7298e-05
0.02686,-2.6903e-05
0.02687,-2.6503e-05
0.02688,-2.6097e-05
0.02689,-2.5685e-05
0.0269,-2.5266e-05
0.02691,-2.4842e-05
0.02692,-2.4411e-05
0.02693,-2.3973e-05
0.02694,-2.353e-05
0.02695,-2.3079e-05
0.02696,-2.2776e-05
0.02697,-2.2752e-05
0.02698,-2.273e-05
0.02699,-2.2709e-05
0.027,-2.2691e-05
0.02701,-2.2674e-05
0.02702,-2.2658e-05
0.02703,-2.2644e-05
0.02704,-2.2631e-05
0.02705,-2.2619e-05
0.02706,-2.2609e-05
0.02707,-2.26e-05
0.02708,-2.2592e-05
0.02709,-2.2585e-05
0.0271,-2.2579e-05
0.02711,-2.2574e-05
0.02712,-2.2569e-05
0.02713,-2.2566e-05
0.02714,-2.2563e-05
0.02715,-2.2561e-05
0.02716,-2.2559e-05
0.02717,-2.2558e-05
0.02718,-2.2558e-05
0.02719,-2.2558e-05
0.0272,-2.2558e-05
0.02721,-2.2558e-05
0.02722,-2.2559e-05
0.02723,-2.256e-05
0.02724,-2.2561e-05
0.02725,-2.2561e-05
0.02726,-2.2562e-05
0.02727,-2.2563e-05
0.02728,-2.2563e-05
0.02729,-2.2563e-05
0.0273,-2.2563e-05
0.02731,-2.2563e-05
0.02732,-2.2562e-05
0.02733,-2.256e-05
0.02734,-2.2558e-05
0.02735,-2.2555e-05
0.02736,-2.2552e-05
0.02737,-2.2548e-05
0.02738,-2.2543e-05
0.02739,-2.2537e-05
0.0274,-2.253e-05
0.02741,-2.2522e-05
0.02742,-2.2513e-05
0.02743,-2.2502e-05
0.02744,-2.2491e-05
0.02745,-2.2478e-05
0.02746,-2.2464e-05
0.02747,-2.2448e-05
0.02748,-2.2431e-05
0.02749,-2.2412e-05
0.0275,-2.2392e-05
0.02751,-2.237e-05
0.02752,-2.2346e-05
0.02753,-2.2321e-05
0.02754,-2.2293e-05
0.02755,-2.2264e-05
0.02756,-2.2232e-05
0.02757,-2.2199e-05
0.02758,-2.2163e-05
0.02759,-2.2125e-05
0.0276,-2.2085e-05
0.02761,-2.2043e-05
0.02762,-2.1998e-05
0.02763,-2.195e-05
0.02764,-2.1901e-05
0.02765,-2.1848e-05
0.02766,-2.1793e-05
0.02767,-2.1735e-05
0.02768,-2.1674e-05
0.02769,-2.1611e-05
0.0277,-2.1544e-05
0.02771,-2.1475e-05
0.02772,-2.1402e-05
0.02773,-2.1326e-05
0.02774,-2.1247e-05
0.02775,-2.1165e-05
0.02776,-2.108e-05
0.02777,-2.0991e-05
0.02778,-2.0899e-05
0.02779,-2.0803e-05
0.0278,-2.0704e-05
0.02781,-2.0601e-05
0.02782,-2.0494e-05
0.02783,-2.0383e-05
0.02784,-2.0269e-05
0.02785,-2.0151e-05
0.02786,-2.0028e-05
0.02787,-1.9902e-05
0.02788,-1.9772e-05
0.02789,-1.9637e-05
0.0279,-1.9499e-05
0.02791,-1.9355e-05
0.02792,-1.9208e-05
0.02793,-1.9056e-05
0.02794,-1.89e-05
0.02795,-1.8739e-05
0.02796,-1.8573e-05
0.02797,-1.8403e-05
0.02798,-1.8228e-05
0.02799,-1.8048e-05
0.028,-1.7864e-05
0.02801,-1.7674e-05
0.02802,-1.748e-05
0.02803,-1.728e-05
0.02804,-1.7075e-05
0.02805,-1.6865e-05
0.02806,-1.665e-05
0.02807,-1.6429e-05
0.02808,-1.6203e-05
0.02809,-1.5971e-05
0.0281,-1.5734e-05
0.02811,-1.5492e-05
0.02812,-1.5243e-05
0.02813,-1.4989e-05
0.02814,-1.473e-05
0.02815,-1.4464e-05
0.02816,-1.4192e-05
0.02817,-1.3915e-05
0.02818,-1.3631e-05
0.02819,-1.3341e-05
0.0282,-1.3045e-05
0.02821,-1.2743e-05
0.02822,-1.2434e-05
0.02823,-1.2119e-05
0.02824,-1.1798e-05
0.02825,-1.147e-05
0.02826,-1.1136e-05
0.02827,-1.0795e-05
0.02828,-1.0447e-05
0.02829,-1.0092e-05
0.0283,-9.7309e-06
0.02831,-9.3626e-06
0.02832,-8.9873e-06
0.02833,-8.6051e-06
0.02834,-8.2157e-06
0.02835,-7.8191e-06
0.02836,-7.4153e-06
0.02837,-7.0042e-06
0.02838,-6.5858e-06
0.02839,-6.16e-06
0.0284,-5.7266e-06
0.02841,-5.2857e-06
0.02842,-4.8372e-06
0.02843,-4.3811e-06
0.02844,-3.967e-06
0.02845,-3.8724e-06
0.02846,-3.7774e-06
0.02847,-3.6822e-06
0.02848,-3.5867e-06
0.02849,-3.4909e-06
0.0285,-3.3947e-06
0.02851,-3.2981e-06
0.02852,-3.2012e-06
0.02853,-3.1039e-06
0.02854,-3.0062e-06
0.02855,-2.9081e-06
0.02856,-2.8096e-06
0.02857,-2.7106e-06
0.02858,-2.6112e-06
0.02859,-2.5113e-06
0.0286,-2.4109e-06
0.02861,-2.31e-06
0.02862,-2.2086e-06
0.02863,-2.1067e-06
0.02864,-2.0042e-06
0.02865,-1.9012e-06
0.02866,-1.7977e-06
0.02867,-1.6935e-06
0.02868,-1.5887e-06
0.02869,-1.4833e-06
0.0287,-1.3773e-06
0.02871,-1.2707e-06
0.02872,-1.1634e-06
0.02873,-1.0554e-06
0.02874,-9.468e-07
0.02875,-8.3745e-07
0.02876,-7.274e-07
0.02877,-6.1661e-07
0.02878,-5.0509e-07
0.02879,-3.9281e-07
0.0288,-2.7977e-07
0.02881,-1.6594e-07
0.02882,-5.1312e-08
0.02883,6.4126e-08
0.02884,1.8039e-07
0.02885,2.9749e-07
0.02886,4.1545e-07
0.02887,5.3428e-07
0.02888,6.5399e-07
0.02889,7.7459e-07
0.0289,8.9611e-07
0.02891,1.0186e-06
0.02892,1.1419e-06
0.02893,1.2663e-06
0.02894,1.3916e-06
0.02895,1.5179e-06
0.02896,1.6452e-06
0.02897,1.7735e-06
0.02898,1.9028e-06
0.02899,2.0331e-06
0.029,2.1646e-06
0.02901,2.297e-06
0.02902,2.4306e-06
0.02903,2.5653e-06
0.02904,2.7011e-06
0.02905,2.838e-06
0.02906,2.976e-06
0.02907,3.1152e-06
0.02908,3.2556e-06
0.02909,3.3971e-06
0.0291,3.5398e-06
0.02911,3.6838e-06
0.02912,3.829e-06
0.02913,3.9754e-06
0.02914,4.1231e-06
0.02915,4.272e-06
0.02916,4.4222e-06
0.02917,4.5737e-06
0.02918,4.7266e-06
0.02919,4.8807e-06
0.0292,5.0362e-06
0.02921,5.1931e-06
0.02922,5.3513e-06
0.02923,5.5109e-06
0.02924,5.6719e-06
0.02925,5.8343e-06
0.02926,5.9981e-06
0.02927,6.1634e-06
0.02928,6.3301e-06
0.02929,6.4983e-06
0.0293,6.668e-06
0.02931,6.8392e-06
0.02932,7.0118e-06
0.02933,7.186e-06
0.02934,7.3618e-06
0.02935,7.5391e-06
0.02936,7.7179e-06
0.02937,7.8984e-06
0.02938,8.0804e-06
0.02939,8.2641e-06
0.0294,8.4494e-06
0.02941,8.6363e-06
0.02942,8.8249e-06
0.02943,9.0151e-06
0.02944,9.207e-06
0.02945,9.4006e-06
0.02946,9.596e-06
0.02947,9.793e-06
0.02948,9.9918e-06
0.02949,1.0192e-05
0.0295,1.0395e-05
0.02951,1.0599e-05
0.02952,1.0805e-05
0.02953,1.1012e-05
0.02954,1.1222e-05
0.02955,1.1433e-05
0.02956,1.1646e-05
0.02957,1.1862e-05
0.02958,1.2078e-05
0.02959,1.2297e-05
0.0296,1.2518e-05
0.02961,1.2741e-05
0.02962,1.2965e-05
0.02963,1.3192e-05
0.02964,1.3421e-05
0.02965,1.3651e-05
0.02966,1.3884e-05
0.02967,1.4118e-05
0.02968,1.4355e-05
0.02969,1.4593e-05
0.0297,1.4834e-05
0.02971,1.5077e-05
0.02972,1.5322e-05
0.02973,1.5568e-05
0.02974,1.5817e-05
0.02975,1.6069e-05
0.02976,1.6322e-05
0.02977,1.6577e-05
0.02978,1.6835e-05
0.02979,1.7095e-05
0.0298,1.7357e-05
0.02981,1.7621e-05
0.02982,1.7887e-05
0.02983,1.8156e-05
0.02984,1.8427e-05
0.02985,1.87e-05
0.02986,1.8975e-05
0.02987,1.9253e-05
0.02988,1.9533e-05
0.02989,1.9815e-05
0.0299,2.01e-05
0.02991,2.0387e-05
0.02992,2.0677e-05
0.02993,2.0827e-05
0.02994,2.0964e-05
0.02995,2.11e-05
0.02996,2.1236e-05
0.02997,2.137e-05
0.02998,2.1504e-05
0.02999,2.1637e-05
0.03,2.1769e-05
0.03001,2.1901e-05
0.03002,2.2031e-05
0.03003,2.2161e-05
0.03004,2.2291e-05
0.03005,2.2419e-05
0.03006,2.2547e-05
0.03007,2.2673e-05
0.03008,2.2799e-05
0.03009,2.2924e-05
0.0301,2.3049e-05
0.03011,2.3172e-05
0.03012,2.3295e-05
0.03013,2.3417e-05
0.03014,2.3538e-05
0.03015,2.3658e-05
0.03016,2.3777e-05
0.03017,2.3895e-05
0.03018,2.4013e-05
0.03019,2.4129e-05
0.0302,2.4245e-05
0.03021,2.436e-05
0.03022,2.4473e-05
0.03023,2.4586e-05
0.03024,2.4698e-05
0.03025,2.481e-05
0.03026,2.492e-05
0.03027,2.5029e-05
0.03028,2.5137e-05
0.03029,2.5245e-05
0.0303,2.5351e-05
0.03031,2.5456e-05
0.03032,2.5561e-05
0.03033,2.5664e-05
0.03034,2.5767e-05
0.03035,2.5868e-05
0.03036,2.5968e-05
0.03037,2.6068e-05
0.03038,2.6166e-05
0.03039,2.6264e-05
0.0304,2.636e-05
0.03041,2.6456e-05
0.03042,2.655e-05
0.03043,2.6643e-05
0.03044,2.6735e-05
0.03045,2.6826e-05
0.03046,2.6917e-05
0.03047,2.7006e-05
0.03048,2.7094e-05
0.03049,2.718e-05
0.0305,2.7266e-05
0.03051,2.7351e-05
0.03052,2.7434e-05
0.03053,2.7517e-05
0.03054,2.7598e-05
0.03055,2.7678e-05
0.03056,2.7757e-05
0.03057,2.7835e-05
0.03058,2.7912e-05
0.03059,2.7988e-05
0.0306,2.8062e-05
0.03061,2.8135e-05
0.03062,2.8208e-05
0.03063,2.8279e-05
0.03064,2.8348e-05
0.03065,2.8417e-05
0.03066,2.8484e-05
0.03067,2.855e-05
0.03068,2.8615e-05
0.03069,2.8679e-05
0.0307,2.8742e-05
0.03071,2.8803e-05
0.03072,2.8863e-05
0.03073,2.8922e-05
0.03074,2.8979e-05
0.03075,2.9035e-05
0.03076,2.909e-05
0.03077,2.9144e-05
0.03078,2.9197e-05
0.03079,2.9248e-05
0.0308,2.9298e-05
0.03081,2.9346e-05
0.03082,2.9394e-05
0.03083,2.944e-05
0.03084,2.9484e-05
0.03085,2.9528e-05
0.03086,2.957e-05
0.03087,2.961e-05
0.03088,2.965e-05
0.03089,2.9687e-05
0.0309,2.9724e-05
0.03091,2.9759e-05
0.03092,2.9793e-05
0.03093,2.9826e-05
0.03094,2.9857e-05
0.03095,2.9886e-05
0.03096,2.9915e-05
0.03097,2.9942e-05
0.03098,2.9967e-05
0.03099,2.9991e-05
0.031,3.0014e-05
0.03101,3.0035e-05
0.03102,3.0055e-05
0.03103,3.0073e-05
0.03104,3.009e-05
0.03105,3.0106e-05
0.03106,3.0119e-05
0.03107,3.0132e-05
0.03108,3.0143e-05
0.03109,3.0153e-05
0.0311,3.0161e-05
0.03111,3.0167e-05
0.03112,3.0172e-05
0.03113,3.0176e-05
0.03114,3.0178e-05
0.03115,3.0178e-05
0.03116,3.0177e-05
0.03117,3.0175e-05
0.03118,3.017e-05
0.03119,3.0165e-05
0.0312,3.0157e-05
0.03121,3.0149e-05
0.03122,3.0138e-05
0.03123,3.0126e-05
0.03124,3.0113e-05
0.03125,3.0098e-05
0.03126,3.0081e-05
0.03127,3.0063e-05
0.03128,3.0043e-05
0.03129,3.0021e-05
0.0313,2.9998e-05
0.03131,2.9973e-05
0.03132,2.9947e-05
0.03133,2.9919e-05
0.03134,2.9889e-05
0.03135,2.9858e-05
0.03136,2.9825e-05
0.03137,2.979e-05
0.03138,2.9753e-05
0.03139,2.9715e-05
0.0314,2.9676e-05
0.03141,2.9673e-05
0.03142,2.9687e-05
0.03143,2.9701e-05
0.03144,2.9713e-05
0.03145,2.9726e-05
0.03146,2.9738e-05
0.03147,2.9749e-05
0.03148,2.976e-05
0.03149,2.977e-05
0.0315,2.9779e-05
0.03151,2.9788e-05
0.03152,2.9797e-05
0.03153,2.9805e-05
0.03154,2.9812e-05
0.03155,2.9819e-05
0.03156,2.9825e-05
0.03157,2.9831e-05
0.03158,2.9836e-05
0.03159,2.984e-05
0.0316,2.9844e-05
0.03161,2.9848e-05
0.03162,2.9851e-05
0.03163,2.9853e-05
0.03164,2.9855e-05
0.03165,2.9856e-05
0.03166,2.9857e-05
0.03167,2.9857e-05
0.03168,2.9857e-05
0.03169,2.9856e-05
0.0317,2.9855e-05
0.03171,2.9853e-05
0.03172,2.985e-05
0.03173,2.9847e-05
0.03174,2.9844e-05
0.03175,2.984e-05
0.03176,2.9835e-05
0.03177,2.983e-05
0.03178,2.9824e-05
0.03179,2.9818e-05
0.0318,2.9811e-05
0.03181,2.9804e-05
0.03182,2.9796e-05
0.03183,2.9788e-05
0.03184,2.9779e-05
0.03185,2.977e-05
0.03186,2.976e-05
0.03187,2.9749e-05
0.03188,2.9738e-05
0.03189,2.9727e-05
0.0319,2.9715e-05
0.03191,2.9703e-05
0.03192,2.969e-05
0.03193,2.9676e-05
0.03194,2.9662e-05
0.03195,2.9647e-05
0.03196,2.9632e-05
0.03197,2.9617e-05
0.03198,2.9601e-05
0.03199,2.9584e-05
0.032,2.9567e-05
0.03201,2.9549e-05
0.03202,2.9531e-05
0.03203,2.9513e-05
0.03204,2.9494e-05
0.03205,2.9474e-05
0.03206,2.9454e-05
0.03207,2.9433e-05
0.03208,2.9412e-05
0.03209,2.939e-05
0.0321,2.9368e-05
0.03211,2.9346e-05
0.03212,2.9322e-05
0.03213,2.9299e-05
0.03214,2.9275e-05
0.03215,2.925e-05
0.03216,2.9225e-05
0.03217,2.9199e-05
0.03218,2.9173e-05
0.03219,2.9147e-05
0.0322,2.912e-05
0.03221,2.9092e-05
0.03222,2.9064e-05
0.03223,2.9035e-05
0.03224,2.9006e-05
0.03225,2.8977e-05
0.03226,2.8947e-05
0.03227,2.8917e-05
0.03228,2.8886e-05
0.03229,2.8854e-05
0.0323,2.8822e-05
0.03231,2.879e-05
0.03232,2.8757e-05
0.03233,2.8724e-05
0.03234,2.869e-05
0.03235,2.8656e-05
0.03236,2.8621e-05
0.03237,2.8586e-05
0.03238,2.855e-05
0.03239,2.8514e-05
0.0324,2.8477e-05
0.03241,2.844e-05
0.03242,2.8402e-05
0.03243,2.8364e-05
0.03244,2.8326e-05
0.03245,2.8287e-05
0.03246,2.8247e-05
0.03247,2.8208e-05
0.03248,2.8167e-05
0.03249,2.8126e-05
0.0325,2.8085e-05
0.03251,2.8043e-05
0.03252,2.8001e-05
0.03253,2.7958e-05
0.03254,2.7915e-05
0.03255,2.7872e-05
0.03256,2.7828e-05
0.03257,2.7783e-05
0.03258,2.7738e-05
0.03259,2.7693e-05
0.0326,2.7647e-05
0.03261,2.7601e-05
0.03262,2.7554e-05
0.03263,2.7507e-05
0.03264,2.746e-05
0.03265,2.7412e-05
0.03266,2.7363e-05
0.03267,2.7314e-05
0.03268,2.7265e-05
0.03269,2.7215e-05
0.0327,2.7165e-05
0.03271,2.7114e-05
0.03272,2.7063e-05
0.03273,2.7011e-05
0.03274,2.6959e-05
0.03275,2.6907e-05
0.03276,2.6854e-05
0.03277,2.6801e-05
0.03278,2.6747e-05
0.03279,2.6693e-05
0.0328,2.6638e-05
0.03281,2.6583e-05
0.03282,2.6528e-05
0.03283,2.6472e-05
0.03284,2.6416e-05
0.03285,2.6359e-05
0.03286,2.6302e-05
0.03287,2.6244e-05
0.03288,2.6186e-05
0.03289,2.616e-05
0.0329,2.6169e-05
0.03291,2.6178e-05
0.03292,2.6187e-05
0.03293,2.6196e-05
0.03294,2.6204e-05
0.03295,2.6212e-05
0.03296,2.622e-05
0.03297,2.6228e-05
0.03298,2.6235e-05
0.03299,2.6243e-05
0.033,2.6249e-05
0.03301,2.6256e-05
0.03302,2.6263e-05
0.03303,2.6269e-05
0.03304,2.6275e-05
0.03305,2.628e-05
0.03306,2.6286e-05
0.03307,2.6291e-05
0.03308,2.6296e-05
0.03309,2.6301e-05
0.0331,2.6305e-05
0.03311,2.6309e-05
0.03312,2.6313e-05
0.03313,2.6317e-05
0.03314,2.632e-05
0.03315,2.6324e-05
0.03316,2.6327e-05
0.03317,2.6329e-05
0.03318,2.6332e-05
0.03319,2.6334e-05
0.0332,2.6336e-05
0.03321,2.6338e-05
0.03322,2.6339e-05
0.03323,2.634e-05
0.03324,2.6341e-05
0.03325,2.6342e-05
0.03326,2.6343e-05
0.03327,2.6343e-05
0.03328,2.6343e-05
0.03329,2.6343e-05
0.0333,2.6342e-05
0.03331,2.6342e-05
0.03332,2.6341e-05
0.03333,2.6339e-05
0.03334,2.6338e-05
0.03335,2.6336e-05
0.03336,2.6334e-05
0.03337,2.6332e-05
0.03338,2.633e-05
0.03339,2.6327e-05
0.0334,2.6324e-05
0.03341,2.6321e-05
0.03342,2.6318e-05
0.03343,2.6314e-05
0.03344,2.631e-05
0.03345,2.6306e-05
0.03346,2.6301e-05
0.03347,2.6297e-05
0.03348,2.6292e-05
0.03349,2.6287e-05
0.0335,2.6281e-05
0.03351,2.6276e-05
0.03352,2.627e-05
0.03353,2.6264e-05
0.03354,2.6257e-05
0.03355,2.6251e-05
0.03356,2.6244e-05
0.03357,2.6237e-05
0.03358,2.6229e-05
0.03359,2.6222e-05
0.0336,2.6214e-05
0.03361,2.6206e-05
0.03362,2.6197e-05
0.03363,2.6189e-05
0.03364,2.618e-05
0.03365,2.6171e-05
0.03366,2.6162e-05
0.03367,2.6152e-05
0.03368,2.6142e-05
0.03369,2.6132e-05
0.0337,2.6122e-05
0.03371,2.6111e-05
0.03372,2.6101e-05
0.03373,2.609e-05
0.03374,2.6078e-05
0.03375,2.6067e-05
0.03376,2.6055e-05
0.03377,2.6043e-05
0.03378,2.6031e-05
0.03379,2.6018e-05
0.0338,2.6005e-05
0.03381,2.5992e-05
0.03382,2.5979e-05
0.03383,2.5966e-05
0.03384,2.5952e-05
0.03385,2.5938e-05
0.03386,2.5924e-05
0.03387,2.5909e-05
0.03388,2.5894e-05
0.03389,2.5879e-05
0.0339,2.5864e-05
0.03391,2.5849e-05
0.03392,2.5833e-05
0.03393,2.5817e-05
0.03394,2.5801e-05
0.03395,2.5784e-05
0.03396,2.5768e-05
0.03397,2.5751e-05
0.03398,2.5734e-05
0.03399,2.5716e-05
0.034,2.5699e-05
0.03401,2.5681e-05
0.03402,2.5662e-05
0.03403,2.5644e-05
0.03404,2.5625e-05
0.03405,2.5606e-05
0.03406,2.5587e-05
0.03407,2.5568e-05
0.03408,2.5548e-05
0.03409,2.5528e-05
0.0341,2.5508e-05
0.03411,2.5488e-05
0.03412,2.5467e-05
0.03413,2.5446e-05
0.03414,2.5425e-05
0.03415,2.5404e-05
0.03416,2.5382e-05
0.03417,2.536e-05
0.03418,2.5338e-05
0.03419,2.5316e-05
0.0342,2.5293e-05
0.03421,2.527e-05
0.03422,2.5247e-05
0.03423,2.5224e-05
0.03424,2.52e-05
0.03425,2.5177e-05
0.03426,2.5153e-05
0.03427,2.5128e-05
0.03428,2.5104e-05
0.03429,2.5079e-05
0.0343,2.5054e-05
0.03431,2.5029e-05
0.03432,2.5003e-05
0.03433,2.4977e-05
0.03434,2.4951e-05
0.03435,2.4925e-05
0.03436,2.4898e-05
0.03437,2.4872e-05
0.03438,2.4845e-05
0.03439,2.4817e-05
0.0344,2.479e-05
0.03441,2.4762e-05
0.03442,2.4734e-05
0.03443,2.4706e-05
0.03444,2.4677e-05
0.03445,2.4648e-05
0.03446,2.4619e-05
0.03447,2.459e-05
0.03448,2.4561e-05
0.03449,2.4531e-05
0.0345,2.4501e-05
0.03451,2.4471e-05
0.03452,2.444e-05
0.03453,2.441e-05
0.03454,2.4379e-05
0.03455,2.4348e-05
0.03456,2.4316e-05
0.03457,2.4284e-05
0.03458,2.4252e-05
0.03459,2.422e-05
0.0346,2.4188e-05
0.03461,2.4155e-05
0.03462,2.4122e-05
0.03463,2.4089e-05
0.03464,2.4056e-05
0.03465,2.4022e-05
0.03466,2.3988e-05
0.03467,2.3954e-05
0.03468,2.392e-05
0.03469,2.3885e-05
0.0347,2.385e-05
0.03471,2.3815e-05
0.03472,2.3779e-05
0.03473,2.3744e-05
0.03474,2.3708e-05
0.03475,2.3672e-05
0.03476,2.3636e-05
0.03477,2.3599e-05
0.03478,2.3562e-05
0.03479,2.3525e-05
0.0348,2.3488e-05
0.03481,2.345e-05
0.03482,2.3412e-05
0.03483,2.3374e-05
0.03484,2.3336e-05
0.03485,2.3297e-05
0.03486,2.3258e-05
0.03487,2.3219e-05
0.03488,2.318e-05
0.03489,2.314e-05
0.0349,2.3101e-05
0.03491,2.3061e-05
0.03492,2.302e-05
0.03493,2.298e-05
0.03494,2.2939e-05
0.03495,2.2898e-05
0.03496,2.2857e-05
0.03497,2.2815e-05
0.03498,2.2773e-05
0.03499,2.2731e-05
0.035,2.2689e-05
0.03501,2.2647e-05
0.03502,2.2604e-05
0.03503,2.2561e-05
0.03504,2.2518e-05
0.03505,2.2474e-05
0.03506,2.243e-05
0.03507,2.2386e-05
0.03508,2.2342e-05
0.03509,2.2298e-05
0.0351,2.2253e-05
0.03511,2.2208e-05
0.03512,2.2163e-05
0.03513,2.2117e-05
0.03514,2.2071e-05
0.03515,2.2026e-05
0.03516,2.1979e-05
0.03517,2.1933e-05
0.03518,2.1886e-05
0.03519,2.1839e-05
0.0352,2.1792e-05
0.03521,2.1745e-05
0.03522,2.1697e-05
0.03523,2.1649e-05
0.03524,2.1601e-05
0.03525,2.1553e-05
0.03526,2.1504e-05
0.03527,2.1455e-05
0.03528,2.1406e-05
0.03529,2.1356e-05
0.0353,2.1307e-05
0.03531,2.1257e-05
0.03532,2.1207e-05
0.03533,2.1156e-05
0.03534,2.1106e-05
0.03535,2.1055e-05
0.03536,2.1004e-05
0.03537,2.0952e-05
0.03538,2.0901e-05
0.03539,2.0849e-05
0.0354,2.0797e-05
0.03541,2.0744e-05
0.03542,2.0692e-05
0.03543,2.0639e-05
0.03544,2.0586e-05
0.03545,2.0533e-05
0.03546,2.0479e-05
0.03547,2.0425e-05
0.03548,2.0371e-05
0.03549,2.0317e-05
0.0355,2.0262e-05
0.03551,2.0208e-05
0.03552,2.0152e-05
0.03553,2.0097e-05
0.03554,2.0042e-05
0.03555,1.9986e-05
0.03556,1.993e-05
0.03557,1.9874e-05
0.03558,1.9817e-05
0.03559,1.976e-05
0.0356,1.9703e-05
0.03561,1.9646e-05
0.03562,1.9588e-05
0.03563,1.9531e-05
0.03564,1.9473e-05
0.03565,1.9414e-05
0.03566,1.9356e-05
0.03567,1.9297e-05
0.03568,1.9238e-05
0.03569,1.9179e-05
0.0357,1.912e-05
0.03571,1.906e-05
0.03572,1.9e-05
0.03573,1.894e-05
0.03574,1.8879e-05
0.03575,1.8818e-05
0.03576,1.8758e-05
0.03577,1.8696e-05
0.03578,1.8635e-05
0.03579,1.8573e-05
0.0358,1.8511e-05
0.03581,1.8449e-05
0.03582,1.8387e-05
0.03583,1.8324e-05
0.03584,1.8261e-05
0.03585,1.8198e-05
0.03586,1.8135e-05
0.03587,1.8071e-05
0.03588,1.8007e-05
0.03589,1.7943e-05
0.0359,1.7878e-05
0.03591,1.7814e-05
0.03592,1.7749e-05
0.03593,1.7684e-05
0.03594,1.7618e-05
0.03595,1.7553e-05
0.03596,1.7487e-05
0.03597,1.7421e-05
0.03598,1.7354e-05
0.03599,1.7288e-05
0.036,1.7221e-05
0.03601,1.7154e-05
0.03602,1.7087e-05
0.03603,1.7019e-05
0.03604,1.6951e-05
0.03605,1.6883e-05
0.03606,1.6815e-05
0.03607,1.6746e-05
0.03608,1.6677e-05
0.03609,1.6608e-05
0.0361,1.6539e-05
0.03611,1.6469e-05
0.03612,1.64e-05
0.03613,1.633e-05
0.03614,1.6259e-05
0.03615,1.6189e-05
0.03616,1.6118e-05
0.03617,1.6047e-05
0.03618,1.5976e-05
0.03619,1.5904e-05
0.0362,1.5832e-05
0.03621,1.576e-05
0.03622,1.5688e-05
0.03623,1.5616e-05
0.03624,1.5543e-05
0.03625,1.547e-05
0.03626,1.5397e-05
0.03627,1.5323e-05
0.03628,1.5249e-05
0.03629,1.5175e-05
0.0363,1.5101e-05
0.03631,1.5027e-05
0.03632,1.4952e-05
0.03633,1.4877e-05
0.03634,1.4802e-05
0.03635,1.4726e-05
0.03636,1.4651e-05
0.03637,1.4575e-05
0.03638,1.4499e-05
0.03639,1.4422e-05
0.0364,1.4345e-05
0.03641,1.4268e-05
0.03642,1.4191e-05
0.03643,1.4114e-05
0.03644,1.4036e-05
0.03645,1.3958e-05
0.03646,1.388e-05
0.03647,1.3802e-05
0.03648,1.3723e-05
0.03649,1.3644e-05
0.0365,1.3565e-05
0.03651,1.3486e-05
0.03652,1.3406e-05
0.03653,1.3326e-05
0.03654,1.3246e-05
0.03655,1.3166e-05
0.03656,1.3085e-05
0.03657,1.3004e-05
0.03658,1.2923e-05
0.03659,1.2842e-05
0.0366,1.276e-05
0.03661,1.2678e-05
0.03662,1.2596e-05
0.03663,1.2514e-05
0.03664,1.2431e-05
0.03665,1.2348e-05
0.03666,1.2265e-05
0.03667,1.2182e-05
0.03668,1.2098e-05
0.03669,1.2015e-05
0.0367,1.1931e-05
0.03671,1.1846e-05
0.03672,1.1762e-05
0.03673,1.1677e-05
0.03674,1.1592e-05
0.03675,1.1507e-05
0.03676,1.1421e-05
0.03677,1.1335e-05
0.03678,1.1249e-05
0.03679,1.1163e-05
0.0368,1.1076e-05
0.03681,1.099e-05
0.03682,1.0903e-05
0.03683,1.0815e-05
0.03684,1.0728e-05
0.03685,1.064e-05
0.03686,1.0552e-05
0.03687,1.0464e-05
0.03688,1.0375e-05
0.03689,1.0287e-05
0.0369,1.0198e-05
0.03691,1.0109e-05
0.03692,1.0019e-05
0.03693,9.9293e-06
0.03694,9.8394e-06
0.03695,9.7492e-06
0.03696,9.6587e-06
0.03697,9.568e-06
0.03698,9.4771e-06
0.03699,9.3859e-06
0.037,9.2944e-06
0.03701,9.2028e-06
0.03702,9.1108e-06
0.03703,9.0187e-06
0.03704,8.9262e-06
0.03705,8.8336e-06
0.03706,8.7407e-06
0.03707,8.6475e-06
0.03708,8.5541e-06
0.03709,8.4605e-06
0.0371,8.3666e-06
0.03711,8.2724e-06
0.03712,8.178e-06
0.03713,8.0834e-06
0.03714,7.9885e-06
0.03715,7.8934e-06
0.03716,7.798e-06
0.03717,7.7024e-06
0.03718,7.6066e-06
0.03719,7.5105e-06
0.0372,7.4141e-06
0.03721,7.3175e-06
0.03722,7.2207e-06
0.03723,7.1236e-06
0.03724,7.0262e-06
0.03725,6.9287e-06
0.03726,6.8308e-06
0.03727,6.7328e-06
0.03728,6.6344e-06
0.03729,6.5359e-06
0.0373,6.4371e-06
0.03731,6.338e-06
0.03732,6.2387e-06
0.03733,6.1391e-06
0.03734,6.0394e-06
0.03735,5.9393e-06
0.03736,5.839e-06
0.03737,5.7385e-06
0.03738,5.6377e-06
0.03739,5.5367e-06
0.0374,5.4354e-06
0.03741,5.3339e-06
0.03742,5.2321e-06
0.03743,5.1301e-06
0.03744,5.0279e-06
0.03745,4.9254e-06
0.03746,4.8226e-06
0.03747,4.7197e-06
0.03748,4.6164e-06
0.03749,4.5129e-06
0.0375,4.4092e-06
0.03751,4.3052e-06
0.03752,4.201e-06
0.03753,4.0966e-06
0.03754,3.9918e-06
0.03755,3.8869e-06
0.03756,3.7817e-06
0.03757,3.685e-06
0.03758,3.6453e-06
0.03759,3.6057e-06
0.0376,3.5661e-06
0.03761,3.5265e-06
0.03762,3.487e-06
0.03763,3.4475e-06
0.03764,3.4081e-06
0.03765,3.3687e-06
0.03766,3.3293e-06
0.03767,3.29e-06
0.03768,3.2507e-06
0.03769,3.2114e-06
0.0377,3.1722e-06
0.03771,3.133e-06
0.03772,3.0938e-06
0.03773,3.0547e-06
0.03774,3.0156e-06
0.03775,2.9765e-06
0.03776,2.9375e-06
0.03777,2.8985e-06
0.03778,2.8595e-06
0.03779,2.8206e-06
0.0378,2.7818e-06
0.03781,2.7429e-06
0.03782,2.7041e-06
0.03783,2.6653e-06
0.03784,2.6266e-06
0.03785,2.5879e-06
0.03786,2.5492e-06
0.03787,2.5106e-06
0.03788,2.472e-06
0.03789,2.4334e-06
0.0379,2.3949e-06
0.03791,2.3564e-06
0.03792,2.3179e-06
0.03793,2.2795e-06
0.03794,2.2411e-06
0.03795,2.2028e-06
0.03796,2.1645e-06
0.03797,2.1262e-06
0.03798,2.0879e-06
0.03799,2.0497e-06
0.038,2.0116e-06
0.03801,1.9734e-06
0.03802,1.9353e-06
0.03803,1.8973e-06
0.03804,1.8592e-06
0.03805,1.8212e-06
0.03806,1.7833e-06
0.03807,1.7453e-06
0.03808,1.7075e-06
0.03809,1.6696e-06
0.0381,1.6318e-06
0.03811,1.594e-06
0.03812,1.5563e-06
0.03813,1.5185e-06
0.03814,1.4809e-06
0.03815,1.4432e-06
0.03816,1.4056e-06
0.03817,1.368e-06
0.03818,1.3305e-06
0.03819,1.293e-06
0.0382,1.2555e-06
0.03821,1.2181e-06
0.03822,1.1807e-06
0.03823,1.1434e-06
0.03824,1.106e-06
0.03825,1.0687e-06
0.03826,1.0315e-06
0.03827,9.9427e-07
0.03828,9.5709e-07
0.03829,9.1995e-07
0.0383,8.8283e-07
0.03831,8.4576e-07
0.03832,8.0872e-07
0.03833,7.7171e-07
0.03834,7.3474e-07
0.03835,6.9781e-07
0.03836,6.6091e-07
0.03837,6.2404e-07
0.03838,5.8722e-07
0.03839,5.5042e-07
0.0384,5.1367e-07
0.03841,4.7694e-07
0.03842,4.4026e-07
0.03843,4.0361e-07
0.03844,3.6699e-07
0.03845,3.3041e-07
0.03846,2.9386e-07
0.03847,2.5735e-07
0.03848,2.2088e-07
0.03849,1.8444e-07
0.0385,1.4804e-07
0.03851,1.1167e-07
0.03852,7.5336e-08
0.03853,3.9039e-08
0.03854,2.7766e-09
0.03855,-3.345e-08
0.03856,-6.9641e-08
0.03857,-1.058e-07
0.03858,-1.4192e-07
0.03859,-1.78e-07
0.0386,-2.1405e-07
0.03861,-2.5007e-07
0.03862,-2.8605e-07
0.03863,-3.2199e-07
0.03864,-3.579e-07
0.03865,-3.9377e-07
0.03866,-4.2961e-07
0.03867,-4.6541e-07
0.03868,-5.0118e-07
0.03869,-5.3691e-07
0.0387,-5.726e-07
0.03871,-6.0826e-07
0.03872,-6.4389e-07
0.03873,-6.7948e-07
0.03874,-7.1503e-07
0.03875,-7.5055e-07
0.03876,-7.8604e-07
0.03877,-8.2148e-07
0.03878,-8.569e-07
0.03879,-8.9228e-07
0.0388,-9.2762e-07
0.03881,-9.6292e-07
0.03882,-9.982e-07
0.03883,-1.0334e-06
0.03884,-1.0686e-06
0.03885,-1.1038e-06
0.03886,-1.1389e-06
0.03887,-1.174e-06
0.03888,-1.2091e-06
0.03889,-1.2441e-06
0.0389,-1.2791e-06
0.03891,-1.314e-06
0.03892,-1.349e-06
0.03893,-1.3838e-06
0.03894,-1.4187e-06
0.03895,-1.4535e-06
0.03896,-1.4883e-06
0.03897,-1.523e-06
0.03898,-1.5577e-06
0.03899,-1.5924e-06
0.039,-1.627e-06
0.03901,-1.6616e-06
0.03902,-1.6962e-06
0.03903,-1.7307e-06
0.03904,-1.7652e-06
0.03905,-1.7997e-06
0.03906,-1.8341e-06
0.03907,-1.8685e-06
0.03908,-1.9028e-06
0.03909,-1.9371e-06
0.0391,-1.9714e-06
0.03911,-2.0057e-06
0.03912,-2.0399e-06
0.03913,-2.0741e-06
0.03914,-2.1082e-06
0.03915,-2.1423e-06
0.03916,-2.1764e-06
0.03917,-2.2104e-06
0.03918,-2.2444e-06
0.03919,-2.2784e-06
0.0392,-2.3123e-06
0.03921,-2.3462e-06
0.03922,-2.38e-06
0.03923,-2.4138e-06
0.03924,-2.4476e-06
0.03925,-2.4814e-06
0.03926,-2.5151e-06
0.03927,-2.5488e-06
0.03928,-2.5824e-06
0.03929,-2.616e-06
0.0393,-2.6496e-06
0.03931,-2.6831e-06
0.03932,-2.7166e-06
0.03933,-2.7501e-06
0.03934,-2.7835e-06
0.03935,-2.8169e-06
0.03936,-2.8503e-06
0.03937,-2.8836e-06
0.03938,-2.9169e-06
0.03939,-2.9502e-06
0.0394,-2.9834e-06
0.03941,-3.0166e-06
0.03942,-3.0497e-06
0.03943,-3.0828e-06
0.03944,-3.1159e-06
0.03945,-3.1489e-06
0.03946,-3.182e-06
0.03947,-3.2149e-06
0.03948,-3.2479e-06
0.03949,-3.2808e-06
0.0395,-3.3136e-06
0.03951,-3.3465e-06
0.03952,-3.3792e-06
0.03953,-3.412e-06
0.03954,-3.4447e-06
0.03955,-3.4774e-06
0.03956,-3.5101e-06
0.03957,-3.5427e-06
0.03958,-3.5753e-06
0.03959,-3.6078e-06
0.0396,-3.6403e-06
0.03961,-3.6728e-06
0.03962,-3.7052e-06
0.03963,-3.7376e-06
0.03964,-3.77e-06
0.03965,-3.8024e-06
0.03966,-3.8347e-06
0.03967,-3.8669e-06
0.03968,-3.8991e-06
0.03969,-3.9313e-06
0.0397,-3.9635e-06
0.03971,-3.9956e-06
0.03972,-4.0277e-06
0.03973,-4.0598e-06
0.03974,-4.0918e-06
0.03975,-4.1237e-06
0.03976,-4.1557e-06
0.03977,-4.1876e-06
0.03978,-4.2195e-06
0.03979,-4.2513e-06
0.0398,-4.2831e-06
0.03981,-4.3149e-06
0.03982,-4.3466e-06
0.03983,-4.3783e-06
0.03984,-4.41e-06
0.03985,-4.4416e-06
0.03986,-4.4732e-06
0.03987,-4.5048e-06
0.03988,-4.5363e-06
0.03989,-4.5678e-06
0.0399,-4.5992e-06
0.03991,-4.6306e-06
0.03992,-4.662e-06
0.03993,-4.6933e-06
0.03994,-4.7247e-06
0.03995,-4.7559e-06
0.03996,-4.7872e-06
0.03997,-4.8184e-06
0.03998,-4.8495e-06
0.03999,-4.8807e-06
0.04,-4.9118e-06
0.04001,-4.9428e-06
0.04002,-4.9738e-06
0.04003,-5.0048e-06
0.04004,-5.0358e-06
0.04005,-5.0667e-06
0.04006,-5.0976e-06
0.04007,-5.1284e-06
0.04008,-5.1592e-06
0.04009,-5.19e-06
0.0401,-5.2208e-06
0.04011,-5.2515e-06
0.04012,-5.2821e-06
0.04013,-5.3128e-06
0.04014,-5.3434e-06
0.04015,-5.3739e-06
0.04016,-5.4045e-06
0.04017,-5.435e-06
0.04018,-5.4654e-06
0.04019,-5.4958e-06
0.0402,-5.5262e-06
0.04021,-5.5566e-06
0.04022,-5.5869e-06
0.04023,-5.6172e-06
0.04024,-5.6474e-06
0.04025,-5.6776e-06
0.04026,-5.7078e-06
0.04027,-5.738e-06
0.04028,-5.7681e-06
0.04029,-5.7981e-06
0.0403,-5.8282e-06
0.04031,-5.8582e-06
0.04032,-5.8881e-06
0.04033,-5.9181e-06
0.04034,-5.948e-06
0.04035,-5.9778e-06
0.04036,-6.0076e-06
0.04037,-6.0374e-06
0.04038,-6.0672e-06
0.04039,-6.0969e-06
0.0404,-6.1266e-06
0.04041,-6.1562e-06
0.04042,-6.1858e-06
0.04043,-6.2154e-06
0.04044,-6.2449e-06
0.04045,-6.2744e-06
0.04046,-6.3039e-06
0.04047,-6.3333e-06
0.04048,-6.3627e-06
0.04049,-6.3921e-06
0.0405,-6.4214e-06
0.04051,-6.4507e-06
0.04052,-6.48e-06
0.04053,-6.5092e-06
0.04054,-6.5384e-06
0.04055,-6.5675e-06
0.04056,-6.5966e-06
0.04057,-6.6257e-06
0.04058,-6.6548e-06
0.04059,-6.6838e-06
0.0406,-6.7127e-06
0.04061,-6.7417e-06
0.04062,-6.7706e-06
0.04063,-6.7994e-06
0.04064,-6.8283e-06
0.04065,-6.8571e-06
0.04066,-6.8858e-06
0.04067,-6.9146e-06
0.04068,-6.9432e-06
0.04069,-6.9719e-06
0.0407,-7.0005e-06
0.04071,-7.0291e-06
0.04072,-7.0576e-06
0.04073,-7.0862e-06
0.04074,-7.1146e-06
0.04075,-7.1431e-06
0.04076,-7.1715e-06
0.04077,-7.1999e-06
0.04078,-7.2282e-06
0.04079,-7.2565e-06
0.0408,-7.2848e-06
0.04081,-7.313e-06
0.04082,-7.3412e-06
0.04083,-7.3693e-06
0.04084,-7.3975e-06
0.04085,-7.4255e-06
0.04086,-7.4536e-06
0.04087,-7.4816e-06
0.04088,-7.5096e-06
0.04089,-7.5375e-06
0.0409,-7.5655e-06
0.04091,-7.5933e-06
0.04092,-7.6212e-06
0.04093,-7.649e-06
0.04094,-7.6767e-06
0.04095,-7.7045e-06
0.04096,-7.7322e-06
0.04097,-7.7598e-06
0.04098,-7.7875e-06
0.04099,-7.8151e-06
0.041,-7.8426e-06
0.04101,-7.8701e-06
0.04102,-7.8976e-06
0.04103,-7.9251e-06
0.04104,-7.9525e-06
0.04105,-7.9799e-06
0.04106,-8.0072e-06
0.04107,-8.0345e-06
0.04108,-8.0618e-06
0.04109,-8.089e-06
0.0411,-8.1162e-06
0.04111,-8.1434e-06
0.04112,-8.1705e-06
0.04113,-8.1976e-06
0.04114,-8.2247e-06
0.04115,-8.2517e-06
0.04116,-8.2787e-06
0.04117,-8.3057e-06
0.04118,-8.3326e-06
0.04119,-8.3595e-06
0.0412,-8.3863e-06
0.04121,-8.4131e-06
0.04122,-8.4399e-06
0.04123,-8.4667e-06
0.04124,-8.4934e-06
0.04125,-8.52e-06
0.04126,-8.5467e-06
0.04127,-8.5733e-06
0.04128,-8.5998e-06
0.04129,-8.6264e-06
0.0413,-8.6529e-06
0.04131,-8.6793e-06
0.04132,-8.7058e-06
0.04133,-8.7321e-06
0.04134,-8.7585e-06
0.04135,-8.7848e-06
0.04136,-8.8111e-06
0.04137,-8.8373e-06
0.04138,-8.8636e-06
0.04139,-8.8897e-06
0.0414,-8.9159e-06
0.04141,-8.942e-06
0.04142,-8.9681e-06
0.04143,-8.9941e-06
0.04144,-9.0201e-06
0.04145,-9.0461e-06
0.04146,-9.072e-06
0.04147,-9.0979e-06
0.04148,-9.1237e-06
0.04149,-9.1496e-06
0.0415,-9.1753e-06
0.04151,-9.2011e-06
0.04152,-9.2268e-06
0.04153,-9.2525e-06
0.04154,-9.2781e-06
0.04155,-9.3038e-06
0.04156,-9.3293e-06
0.04157,-9.3549e-06
0.04158,-9.3804e-06
0.04159,-9.4058e-06
0.0416,-9.4313e-06
0.04161,-9.4567e-06
0.04162,-9.482e-06
0.04163,-9.5074e-06
0.04164,-9.5327e-06
0.04165,-9.5579e-06
0.04166,-9.5831e-06
0.04167,-9.6083e-06
0.04168,-9.6335e-06
0.04169,-9.6586e-06
0.0417,-9.6837e-06
0.04171,-9.7087e-06
0.04172,-9.7337e-06
0.04173,-9.7587e-06
0.04174,-9.7836e-06
0.04175,-9.8085e-06
0.04176,-9.8334e-06
0.04177,-9.8582e-06
0.04178,-9.883e-06
0.04179,-9.9078e-06
0.0418,-9.9325e-06
0.04181,-9.9572e-06
0.04182,-9.9819e-06
0.04183,-1.0006e-05
0.04184,-1.0031e-05
0.04185,-1.0056e-05
0.04186,-1.008e-05
0.04187,-1.0105e-05
0.04188,-1.0129e-05
0.04189,-1.0153e-05
0.0419,-1.0178e-05
0.04191,-1.0202e-05
0.04192,-1.0226e-05
0.04193,-1.0251e-05
0.04194,-1.0275e-05
0.04195,-1.0299e-05
0.04196,-1.0323e-05
0.04197,-1.0347e-05
0.04198,-1.0372e-05
0.04199,-1.0396e-05
0.042,-1.042e-05
0.04201,-1.0444e-05
0.04202,-1.0468e-05
0.04203,-1.0491e-05
0.04204,-1.0515e-05
0.04205,-1.0539e-05
0.04206,-1.0563e-05
0.04207,-1.0587e-05
0.04208,-1.061e-05
0.04209,-1.0634e-05
0.0421,-1.0658e-05
0.04211,-1.0681e-05
0.04212,-1.0705e-05
0.04213,-1.0729e-05
0.04214,-1.0752e-05
0.04215,-1.0776e-05
0.04216,-1.0799e-05
0.04217,-1.0823e-05
0.04218,-1.0846e-05
0.04219,-1.0869e-05
0.0422,-1.0893e-05
0.04221,-1.0916e-05
0.04222,-1.0939e-05
0.04223,-1.0962e-05
0.04224,-1.0985e-05
0.04225,-1.1009e-05
0.04226,-1.1022e-05
0.04227,-1.1033e-05
0.04228,-1.1044e-05
0.04229,-1.1054e-05
0.0423,-1.1065e-05
0.04231,-1.1076e-05
0.04232,-1.1086e-05
0.04233,-1.1096e-05
0.04234,-1.1107e-05
0.04235,-1.1117e-05
0.04236,-1.1127e-05
0.04237,-1.1137e-05
0.04238,-1.1147e-05
0.04239,-1.1157e-05
0.0424,-1.1167e-05
0.04241,-1.1176e-05
0.04242,-1.1186e-05
0.04243,-1.1195e-05
0.04244,-1.1205e-05
0.04245,-1.1214e-05
0.04246,-1.1223e-05
0.04247,-1.1233e-05
0.04248,-1.1242e-05
0.04249,-1.1251e-05
0.0425,-1.1259e-05
0.04251,-1.1268e-05
0.04252,-1.1277e-05
0.04253,-1.1286e-05
0.04254,-1.1294e-05
0.04255,-1.1303e-05
0.04256,-1.1311e-05
0.04257,-1.1319e-05
0.04258,-1.1327e-05
0.04259,-1.1336e-05
0.0426,-1.1344e-05
0.04261,-1.1351e-05
0.04262,-1.1359e-05
0.04263,-1.1367e-05
0.04264,-1.1375e-05
0.04265,-1.1382e-05
0.04266,-1.139e-05
0.04267,-1.1397e-05
0.04268,-1.1405e-05
0.04269,-1.1412e-05
0.0427,-1.1419e-05
0.04271,-1.1426e-05
0.04272,-1.1433e-05
0.04273,-1.144e-05
0.04274,-1.1447e-05
0.04275,-1.1453e-05
0.04276,-1.146e-05
0.04277,-1.1467e-05
0.04278,-1.1473e-05
0.04279,-1.1479e-05
0.0428,-1.1486e-05
0.04281,-1.1492e-05
0.04282,-1.1498e-05
0.04283,-1.1504e-05
0.04284,-1.151e-05
0.04285,-1.1516e-05
0.04286,-1.1522e-05
0.04287,-1.1527e-05
0.04288,-1.1533e-05
0.04289,-1.1538e-05
0.0429,-1.1544e-05
0.04291,-1.1549e-05
0.04292,-1.1554e-05
0.04293,-1.1559e-05
0.04294,-1.1564e-05
0.04295,-1.1569e-05
0.04296,-1.1574e-05
0.04297,-1.1579e-05
0.04298,-1.1584e-05
0.04299,-1.1588e-05
0.043,-1.1593e-05
0.04301,-1.1597e-05
0.04302,-1.1602e-05
0.04303,-1.1606e-05
0.04304,-1.161e-05
0.04305,-1.1614e-05
0.04306,-1.1618e-05
0.04307,-1.1622e-05
0.04308,-1.1626e-05
0.04309,-1.163e-05
0.0431,-1.1634e-05
0.04311,-1.1637e-05
0.04312,-1.1641e-05
0.04313,-1.1644e-05
0.04314,-1.1647e-05
0.04315,-1.1651e-05
0.04316,-1.1654e-05
0.04317,-1.1657e-05
0.04318,-1.166e-05
0.04319,-1.1663e-05
0.0432,-1.1665e-05
0.04321,-1.1668e-05
0.04322,-1.1671e-05
0.04323,-1.1673e-05
0.04324,-1.1676e-05
0.04325,-1.1678e-05
0.04326,-1.168e-05
0.04327,-1.1683e-05
0.04328,-1.1685e-05
0.04329,-1.1687e-05
0.0433,-1.1689e-05
0.04331,-1.169e-05
0.04332,-1.1692e-05
0.04333,-1.1694e-05
0.04334,-1.1695e-05
0.04335,-1.1697e-05
0.04336,-1.1698e-05
0.04337,-1.17e-05
0.04338,-1.1701e-05
0.04339,-1.1702e-05
0.0434,-1.1703e-05
0.04341,-1.1704e-05
0.04342,-1.1705e-05
0.04343,-1.1706e-05
0.04344,-1.1706e-05
0.04345,-1.1707e-05
0.04346,-1.1708e-05
0.04347,-1.1708e-05
0.04348,-1.1708e-05
0.04349,-1.1709e-05
0.0435,-1.1709e-05
0.04351,-1.1709e-05
0.04352,-1.1709e-05
0.04353,-1.1709e-05
0.04354,-1.1709e-05
0.04355,-1.1708e-05
0.04356,-1.1708e-05
0.04357,-1.1708e-05
0.04358,-1.1707e-05
0.04359,-1.1707e-05
0.0436,-1.1706e-05
0.04361,-1.1705e-05
0.04362,-1.1704e-05
0.04363,-1.1703e-05
0.04364,-1.1702e-05
0.04365,-1.1701e-05
0.04366,-1.17e-05
0.04367,-1.1699e-05
0.04368,-1.1697e-05
0.04369,-1.1696e-05
0.0437,-1.1694e-05
0.04371,-1.1693e-05
0.04372,-1.1691e-05
0.04373,-1.1689e-05
0.04374,-1.1687e-05
0.04375,-1.1685e-05
0.04376,-1.1683e-05
0.04377,-1.1681e-05
0.04378,-1.1679e-05
0.04379,-1.1676e-05
0.0438,-1.1674e-05
0.04381,-1.1671e-05
0.04382,-1.1669e-05
0.04383,-1.1666e-05
0.04384,-1.1663e-05
0.04385,-1.166e-05
0.04386,-1.1657e-05
0.04387,-1.1654e-05
0.04388,-1.1651e-05
0.04389,-1.1648e-05
0.0439,-1.1645e-05
0.04391,-1.1641e-05
0.04392,-1.1638e-05
0.04393,-1.1634e-05
0.04394,-1.1631e-05
0.04395,-1.1627e-05
0.04396,-1.1623e-05
0.04397,-1.1619e-05
0.04398,-1.1615e-05
0.04399,-1.1611e-05
0.044,-1.1607e-05
0.04401,-1.1603e-05
0.04402,-1.1598e-05
0.04403,-1.1594e-05
0.04404,-1.1589e-05
0.04405,-1.1585e-05
0.04406,-1.158e-05
0.04407,-1.1575e-05
0.04408,-1.157e-05
0.04409,-1.1565e-05
0.0441,-1.156e-05
0.04411,-1.1555e-05
0.04412,-1.155e-05
0.04413,-1.1545e-05
0.04414,-1.1539e-05
0.04415,-1.1534e-05
0.04416,-1.1528e-05
0.04417,-1.1523e-05
0.04418,-1.1517e-05
0.04419,-1.1511e-05
0.0442,-1.1505e-05
0.04421,-1.1499e-05
0.04422,-1.1493e-05
0.04423,-1.1487e-05
0.04424,-1.1481e-05
0.04425,-1.1474e-05
0.04426,-1.1468e-05
0.04427,-1.1461e-05
0.04428,-1.1455e-05
0.04429,-1.1448e-05
0.0443,-1.1441e-05
0.04431,-1.1434e-05
0.04432,-1.1428e-05
0.04433,-1.142e-05
0.04434,-1.1413e-05
0.04435,-1.1406e-05
0.04436,-1.1399e-05
0.04437,-1.1391e-05
0.04438,-1.1384e-05
0.04439,-1.1376e-05
0.0444,-1.1369e-05
0.04441,-1.1361e-05
0.04442,-1.1353e-05
0.04443,-1.1345e-05
0.04444,-1.1337e-05
0.04445,-1.1329e-05
0.04446,-1.1321e-05
0.04447,-1.1313e-05
0.04448,-1.1304e-05
0.04449,-1.1296e-05
0.0445,-1.1287e-05
0.04451,-1.1279e-05
0.04452,-1.127e-05
0.04453,-1.1261e-05
0.04454,-1.1252e-05
0.04455,-1.1243e-05
0.04456,-1.1234e-05
0.04457,-1.1225e-05
0.04458,-1.1216e-05
0.04459,-1.1207e-05
0.0446,-1.1197e-05
0.04461,-1.1188e-05
0.04462,-1.1178e-05
0.04463,-1.1169e-05
0.04464,-1.1159e-05
0.04465,-1.1149e-05
0.04466,-1.1139e-05
0.04467,-1.1129e-05
0.04468,-1.1119e-05
0.04469,-1.1109e-05
0.0447,-1.1099e-05
0.04471,-1.1088e-05
0.04472,-1.1078e-05
0.04473,-1.1067e-05
0.04474,-1.1057e-05
0.04475,-1.1046e-05
0.04476,-1.1035e-05
0.04477,-1.1024e-05
0.04478,-1.1013e-05
0.04479,-1.1002e-05
0.0448,-1.0991e-05
0.04481,-1.098e-05
0.04482,-1.0969e-05
0.04483,-1.0957e-05
0.04484,-1.0946e-05
0.04485,-1.0934e-05
0.04486,-1.0923e-05
0.04487,-1.0911e-05
0.04488,-1.0899e-05
0.04489,-1.0887e-05
0.0449,-1.0875e-05
0.04491,-1.0863e-05
0.04492,-1.0851e-05
0.04493,-1.0839e-05
0.04494,-1.0826e-05
0.04495,-1.0814e-05
0.04496,-1.0801e-05
0.04497,-1.0789e-05
0.04498,-1.0776e-05
0.04499,-1.0763e-05
0.045,-1.075e-05
0.04501,-1.0737e-05
0.04502,-1.0724e-05
0.04503,-1.0711e-05
0.04504,-1.0698e-05
0.04505,-1.0685e-05
0.04506,-1.0671e-05
0.04507,-1.0658e-05
0.04508,-1.0644e-05
0.04509,-1.063e-05
0.0451,-1.0617e-05
0.04511,-1.0603e-05
0.04512,-1.0589e-05
0.04513,-1.0575e-05
0.04514,-1.0561e-05
0.04515,-1.0547e-05
0.04516,-1.0532e-05
0.04517,-1.0518e-05
0.04518,-1.0504e-05
0.04519,-1.0489e-05
0.0452,-1.0474e-05
0.04521,-1.046e-05
0.04522,-1.0445e-05
0.04523,-1.043e-05
0.04524,-1.0415e-05
0.04525,-1.04e-05
0.04526,-1.0385e-05
0.04527,-1.037e-05
0.04528,-1.0354e-05
0.04529,-1.0339e-05
0.0453,-1.0323e-05
0.04531,-1.0308e-05
0.04532,-1.0292e-05
0.04533,-1.0276e-05
0.04534,-1.0261e-05
0.04535,-1.0245e-05
0.04536,-1.0229e-05
0.04537,-1.0213e-05
0.04538,-1.0196e-05
0.04539,-1.018e-05
0.0454,-1.0164e-05
0.04541,-1.0147e-05
0.04542,-1.0131e-05
0.04543,-1.0114e-05
0.04544,-1.0097e-05
0.04545,-1.0081e-05
0.04546,-1.0064e-05
0.04547,-1.0047e-05
0.04548,-1.003e-05
0.04549,-1.0013e-05
0.0455,-9.9953e-06
0.04551,-9.978e-06
0.04552,-9.9606e-06
0.04553,-9.9431e-06
0.04554,-9.9255e-06
0.04555,-9.9079e-06
0.04556,-9.8901e-06
0.04557,-9.8723e-06
0.04558,-9.8543e-06
0.04559,-9.8363e-06
0.0456,-9.8182e-06
0.04561,-9.8e-06
0.04562,-9.7818e-06
0.04563,-9.7634e-06
0.04564,-9.7449e-06
0.04565,-9.7264e-06
0.04566,-9.7078e-06
0.04567,-9.6891e-06
0.04568,-9.6703e-06
0.04569,-9.6514e-06
0.0457,-9.6324e-06
0.04571,-9.6134e-06
0.04572,-9.5942e-06
0.04573,-9.575e-06
0.04574,-9.5557e-06
0.04575,-9.5363e-06
0.04576,-9.5168e-06
0.04577,-9.4972e-06
0.04578,-9.4775e-06
0.04579,-9.4578e-06
0.0458,-9.4379e-06
0.04581,-9.418e-06
0.04582,-9.398e-06
0.04583,-9.3779e-06
0.04584,-9.3577e-06
0.04585,-9.3374e-06
0.04586,-9.317e-06
0.04587,-9.2966e-06
0.04588,-9.276e-06
0.04589,-9.2554e-06
0.0459,-9.2347e-06
0.04591,-9.2139e-06
0.04592,-9.193e-06
0.04593,-9.172e-06
0.04594,-9.151e-06
0.04595,-9.1298e-06
0.04596,-9.1086e-06
0.04597,-9.0873e-06
0.04598,-9.0658e-06
0.04599,-9.0443e-06
0.046,-9.0228e-06
0.04601,-9.0011e-06
0.04602,-8.9793e-06
0.04603,-8.9575e-06
0.04604,-8.9356e-06
0.04605,-8.9135e-06
0.04606,-8.8914e-06
0.04607,-8.8692e-06
0.04608,-8.847e-06
0.04609,-8.8246e-06
0.0461,-8.8021e-06
0.04611,-8.7796e-06
0.04612,-8.757e-06
0.04613,-8.7342e-06
0.04614,-8.7114e-06
0.04615,-8.6885e-06
0.04616,-8.6656e-06
0.04617,-8.6425e-06
0.04618,-8.6194e-06
0.04619,-8.5961e-06
0.0462,-8.5728e-06
0.04621,-8.5494e-06
0.04622,-8.5259e-06
0.04623,-8.5023e-06
0.04624,-8.4786e-06
0.04625,-8.4549e-06
0.04626,-8.431e-06
0.04627,-8.4071e-06
0.04628,-8.383e-06
0.04629,-8.3589e-06
0.0463,-8.3347e-06
0.04631,-8.3105e-06
0.04632,-8.2861e-06
0.04633,-8.2616e-06
0.04634,-8.2371e-06
0.04635,-8.2125e-06
0.04636,-8.1877e-06
0.04637,-8.1629e-06
0.04638,-8.138e-06
0.04639,-8.1131e-06
0.0464,-8.088e-06
0.04641,-8.0628e-06
0.04642,-8.0376e-06
0.04643,-8.0123e-06
0.04644,-7.9869e-06
0.04645,-7.9613e-06
0.04646,-7.9358e-06
0.04647,-7.9101e-06
0.04648,-7.8843e-06
0.04649,-7.8585e-06
0.0465,-7.8325e-06
0.04651,-7.8065e-06
0.04652,-7.7804e-06
0.04653,-7.7542e-06
0.04654,-7.7279e-06
0.04655,-7.7015e-06
0.04656,-7.6751e-06
0.04657,-7.6485e-06
0.04658,-7.6219e-06
0.04659,-7.5952e-06
0.0466,-7.5684e-06
0.04661,-7.5415e-06
0.04662,-7.5145e-06
0.04663,-7.4874e-06
0.04664,-7.4603e-06
0.04665,-7.433e-06
0.04666,-7.4057e-06
0.04667,-7.3783e-06
0.04668,-7.3508e-06
0.04669,-7.3232e-06
0.0467,-7.2955e-06
0.04671,-7.2677e-06
0.04672,-7.2399e-06
0.04673,-7.2119e-06
0.04674,-7.1839e-06
0.04675,-7.1558e-06
0.04676,-7.1276e-06
0.04677,-7.0993e-06
0.04678,-7.0709e-06
0.04679,-7.0425e-06
0.0468,-7.0139e-06
0.04681,-6.9853e-06
0.04682,-6.9565e-06
0.04683,-6.9277e-06
0.04684,-6.8988e-06
0.04685,-6.8698e-06
0.04686,-6.8408e-06
0.04687,-6.8116e-06
0.04688,-6.7824e-06
0.04689,-6.753e-06
0.0469,-6.7236e-06
0.04691,-6.6941e-06
0.04692,-6.6645e-06
0.04693,-6.6348e-06
0.04694,-6.6097e-06
0.04695,-6.5902e-06
0.04696,-6.5706e-06
0.04697,-6.5511e-06
0.04698,-6.5315e-06
0.04699,-6.5119e-06
0.047,-6.4922e-06
0.04701,-6.4726e-06
0.04702,-6.4529e-06
0.04703,-6.4332e-06
0.04704,-6.4135e-06
0.04705,-6.3937e-06
0.04706,-6.374e-06
0.04707,-6.3542e-06
0.04708,-6.3344e-06
0.04709,-6.3146e-06
0.0471,-6.2947e-06
0.04711,-6.2749e-06
0.04712,-6.255e-06
0.04713,-6.2351e-06
0.04714,-6.2152e-06
0.04715,-6.1952e-06
0.04716,-6.1753e-06
0.04717,-6.1553e-06
0.04718,-6.1353e-06
0.04719,-6.1152e-06
0.0472,-6.0952e-06
0.04721,-6.0751e-06
0.04722,-6.0551e-06
0.04723,-6.035e-06
0.04724,-6.0148e-06
0.04725,-5.9947e-06
0.04726,-5.9745e-06
0.04727,-5.9543e-06
0.04728,-5.9341e-06
0.04729,-5.9139e-06
0.0473,-5.8937e-06
0.04731,-5.8734e-06
0.04732,-5.8531e-06
0.04733,-5.8328e-06
0.04734,-5.8125e-06
0.04735,-5.7922e-06
0.04736,-5.7718e-06
0.04737,-5.7514e-06
0.04738,-5.731e-06
0.04739,-5.7106e-06
0.0474,-5.6901e-06
0.04741,-5.6697e-06
0.04742,-5.6492e-06
0.04743,-5.6287e-06
0.04744,-5.6082e-06
0.04745,-5.5876e-06
0.04746,-5.567e-06
0.04747,-5.5465e-06
0.04748,-5.5258e-06
0.04749,-5.5052e-06
0.0475,-5.4846e-06
0.04751,-5.4639e-06
0.04752,-5.4432e-06
0.04753,-5.4225e-06
0.04754,-5.4018e-06
0.04755,-5.381e-06
0.04756,-5.3603e-06
0.04757,-5.3395e-06
0.04758,-5.3187e-06
0.04759,-5.2978e-06
0.0476,-5.277e-06
0.04761,-5.2561e-06
0.04762,-5.2352e-06
0.04763,-5.2143e-06
0.04764,-5.1934e-06
0.04765,-5.1725e-06
0.04766,-5.1515e-06
0.04767,-5.1305e-06
0.04768,-5.1095e-06
0.04769,-5.0885e-06
0.0477,-5.0674e-06
0.04771,-5.0463e-06
0.04772,-5.0253e-06
0.04773,-5.0041e-06
0.04774,-4.983e-06
0.04775,-4.9619e-06
0.04776,-4.9407e-06
0.04777,-4.9195e-06
0.04778,-4.8983e-06
0.04779,-4.8771e-06
0.0478,-4.8558e-06
0.04781,-4.8345e-06
0.04782,-4.8132e-06
0.04783,-4.7919e-06
0.04784,-4.7706e-06
0.04785,-4.7493e-06
0.04786,-4.7279e-06
0.04787,-4.7065e-06
0.04788,-4.6851e-06
0.04789,-4.6636e-06
0.0479,-4.6422e-06
0.04791,-4.6207e-06
0.04792,-4.5992e-06
0.04793,-4.5777e-06
0.04794,-4.5562e-06
0.04795,-4.5346e-06
0.04796,-4.5131e-06
0.04797,-4.4915e-06
0.04798,-4.4698e-06
0.04799,-4.4482e-06
0.048,-4.4266e-06
0.04801,-4.4049e-06
0.04802,-4.3832e-06
0.04803,-4.3615e-06
0.04804,-4.3397e-06
0.04805,-4.318e-06
0.04806,-4.2962e-06
0.04807,-4.2744e-06
0.04808,-4.2526e-06
0.04809,-4.2308e-06
0.0481,-4.2089e-06
0.04811,-4.187e-06
0.04812,-4.1651e-06
0.04813,-4.1432e-06
0.04814,-4.1213e-06
0.04815,-4.0993e-06
0.04816,-4.0774e-06
0.04817,-4.0554e-06
0.04818,-4.0333e-06
0.04819,-4.0113e-06
0.0482,-3.9892e-06
0.04821,-3.9672e-06
0.04822,-3.9451e-06
0.04823,-3.923e-06
0.04824,-3.9008e-06
0.04825,-3.8787e-06
0.04826,-3.8565e-06
0.04827,-3.8343e-06
0.04828,-3.8121e-06
0.04829,-3.7898e-06
0.0483,-3.7676e-06
0.04831,-3.7453e-06
0.04832,-3.723e-06
0.04833,-3.7007e-06
0.04834,-3.6783e-06
0.04835,-3.656e-06
0.04836,-3.6336e-06
0.04837,-3.6112e-06
0.04838,-3.5888e-06
0.04839,-3.5663e-06
0.0484,-3.5439e-06
0.04841,-3.5214e-06
0.04842,-3.4989e-06
0.04843,-3.4764e-06
0.04844,-3.4538e-06
0.04845,-3.4313e-06
0.04846,-3.4087e-06
0.04847,-3.3861e-06
0.04848,-3.3635e-06
0.04849,-3.3408e-06
0.0485,-3.3182e-06
0.04851,-3.2955e-06
0.04852,-3.2728e-06
0.04853,-3.2501e-06
0.04854,-3.2273e-06
0.04855,-3.2045e-06
0.04856,-3.1818e-06
0.04857,-3.159e-06
0.04858,-3.1361e-06
0.04859,-3.1133e-06
0.0486,-3.0904e-06
0.04861,-3.0676e-06
0.04862,-3.0446e-06
0.04863,-3.0217e-06
0.04864,-2.9988e-06
0.04865,-2.9758e-06
0.04866,-2.9528e-06
0.04867,-2.9298e-06
0.04868,-2.9068e-06
0.04869,-2.8838e-06
0.0487,-2.8607e-06
0.04871,-2.8376e-06
0.04872,-2.8145e-06
0.04873,-2.7914e-06
0.04874,-2.7682e-06
0.04875,-2.7451e-06
0.04876,-2.7219e-06
0.04877,-2.6987e-06
0.04878,-2.6755e-06
0.04879,-2.6522e-06
0.0488,-2.6289e-06
0.04881,-2.6057e-06
0.04882,-2.5823e-06
0.04883,-2.559e-06
0.04884,-2.5357e-06
0.04885,-2.5123e-06
0.04886,-2.4889e-06
0.04887,-2.4655e-06
0.04888,-2.4421e-06
0.04889,-2.4186e-06
0.0489,-2.3952e-06
0.04891,-2.3717e-06
0.04892,-2.3482e-06
0.04893,-2.3246e-06
0.04894,-2.3011e-06
0.04895,-2.2775e-06
0.04896,-2.2539e-06
0.04897,-2.2303e-06
0.04898,-2.2067e-06
0.04899,-2.1831e-06
0.049,-2.1594e-06
0.04901,-2.1357e-06
0.04902,-2.112e-06
0.04903,-2.0883e-06
0.04904,-2.0645e-06
0.04905,-2.0407e-06
0.04906,-2.0169e-06
0.04907,-1.9931e-06
0.04908,-1.9693e-06
0.04909,-1.9455e-06
0.0491,-1.9216e-06
0.04911,-1.8977e-06
0.04912,-1.8738e-06
0.04913,-1.8498e-06
0.04914,-1.8259e-06
0.04915,-1.8019e-06
0.04916,-1.7779e-06
0.04917,-1.7539e-06
0.04918,-1.7299e-06
0.04919,-1.7058e-06
0.0492,-1.6818e-06
0.04921,-1.6577e-06
0.04922,-1.6336e-06
0.04923,-1.6094e-06
0.04924,-1.5853e-06
0.04925,-1.5611e-06
0.04926,-1.5369e-06
0.04927,-1.5127e-06
0.04928,-1.4885e-06
0.04929,-1.4642e-06
0.0493,-1.4399e-06
0.04931,-1.4156e-06
0.04932,-1.3913e-06
0.04933,-1.367e-06
0.04934,-1.3426e-06
0.04935,-1.3183e-06
0.04936,-1.2939e-06
0.04937,-1.2695e-06
0.04938,-1.245e-06
0.04939,-1.2206e-06
0.0494,-1.1961e-06
0.04941,-1.1716e-06
0.04942,-1.1471e-06
0.04943,-1.1225e-06
0.04944,-1.098e-06
0.04945,-1.0734e-06
0.04946,-1.0488e-06
0.04947,-1.0242e-06
0.04948,-9.9956e-07
0.04949,-9.749e-07
0.0495,-9.5023e-07
0.04951,-9.2553e-07
0.04952,-9.0081e-07
0.04953,-8.7608e-07
0.04954,-8.5132e-07
0.04955,-8.2654e-07
0.04956,-8.0174e-07
0.04957,-7.7693e-07
0.04958,-7.5209e-07
0.04959,-7.2723e-07
0.0496,-7.0235e-07
0.04961,-6.7745e-07
0.04962,-6.5253e-07
0.04963,-6.276e-07
0.04964,-6.0264e-07
0.04965,-5.7766e-07
0.04966,-5.5266e-07
0.04967,-5.2764e-07
0.04968,-5.026e-07
0.04969,-4.7754e-07
0.0497,-4.5246e-07
0.04971,-4.2736e-07
0.04972,-4.0224e-07
0.04973,-3.771e-07
0.04974,-3.5194e-07
0.04975,-3.2676e-07
0.04976,-3.0156e-07
0.04977,-2.7634e-07
0.04978,-2.511e-07
0.04979,-2.2583e-07
0.0498,-2.0055e-07
0.04981,-1.7525e-07
0.04982,-1.4993e-07
0.04983,-1.2459e-07
0.04984,-9.9226e-08
0.04985,-7.3844e-08
0.04986,-4.8441e-08
0.04987,-2.3019e-08
0.04988,2.4236e-09
0.04989,2.7886e-08
0.0499,5.3369e-08
0.04991,7.8872e-08
0.04992,1.044e-07
0.04993,1.2994e-07
0.04994,1.555e-07
0.04995,1.8109e-07
0.04996,2.0669e-07
0.04997,2.3231e-07
0.04998,2.5796e-07
0.04999,2.8362e-07
0.05,3.0931e-07
