0,0.2,-0.201
9.4519e-06,0.19988,-0.20088
1.8904e-05,0.19962,-0.20062
2.8356e-05,0.19922,-0.20022
4.8071e-05,0.198,-0.19899
6.7787e-05,0.1962,-0.19719
8.7503e-05,0.19382,-0.19479
0.00010722,0.19085,-0.19182
0.00015523,0.18126,-0.18219
0.00020323,0.16849,-0.16937
0.00025124,0.15278,-0.15361
0.00029925,0.13446,-0.13522
0.00034726,0.11386,-0.11454
0.00044585,0.066078,-0.066553
0.00054445,0.013919,-0.014148
0.00064304,-0.038702,0.038755
0.00074164,-0.087757,0.088113
0.00084023,-0.12944,0.13011
0.00093883,-0.16055,0.16152
0.0010196,-0.17646,0.17765
0.0011003,-0.183,0.18439
0.001181,-0.18004,0.18159
0.0012618,-0.16791,0.16957
0.0013425,-0.14738,0.14911
0.0014431,-0.11182,0.11355
0.0015438,-0.06796,0.069606
0.0016444,-0.019315,0.020779
0.001745,0.03025,-0.029067
0.0018456,0.076776,-0.075969
0.0019463,0.11652,-0.11617
0.002057,0.14862,-0.14885
0.0021677,0.16568,-0.16653
0.0022068,0.16783,-0.16889
0.0022459,0.16792,-0.1692
0.002285,0.16598,-0.16747
0.002324,0.16204,-0.16374
0.0023631,0.15617,-0.15808
0.0024022,0.14847,-0.15056
0.0024413,0.13902,-0.1413
0.0025471,0.10573,-0.10844
0.002653,0.063702,-0.06672
0.0027588,0.016642,-0.019821
0.0028455,-0.022762,0.019585
0.0029323,-0.060412,0.05737
0.003019,-0.094057,0.091295
0.0031058,-0.12169,0.11935
0.0031925,-0.14169,0.13991
0.0032793,-0.15296,0.15186
0.0033567,-0.15519,0.15478
0.0034342,-0.15006,0.15038
0.0035117,-0.13789,0.13901
0.0035892,-0.11936,0.12128
0.0036667,-0.095397,0.098107
0.0037776,-0.053974,0.057764
0.0038884,-0.0078297,0.012562
0.0039774,0.029581,-0.024249
0.0040664,0.064793,-0.05905
0.0041554,0.095606,-0.089678
0.0042444,0.1201,-0.11424
0.0043334,0.13677,-0.13126
0.0044224,0.14469,-0.1398
0.0045047,0.14389,-0.13982
0.004587,0.13547,-0.13241
0.0046693,0.11994,-0.11809
0.0047516,0.098213,-0.097717
0.004834,0.07147,-0.072453
0.0049387,0.032452,-0.035422
0.0050435,-0.0090094,0.0040345
0.0051482,-0.049339,0.042462
0.005253,-0.085053,0.076516
0.0053577,-0.11309,0.10327
0.0054625,-0.13108,0.12048
0.0055534,-0.13743,0.12663
0.0056383,-0.13532,0.12476
0.0057232,-0.12568,0.1158
0.0058081,-0.10912,0.10036
0.005893,-0.086639,0.079418
0.0059779,-0.059514,0.05423
0.0060795,-0.023062,0.020566
0.0061812,0.014941,-0.014236
0.0062828,0.051439,-0.047262
0.0063845,0.083506,-0.075768
0.0064862,0.1086,-0.097418
0.0065878,0.12477,-0.1105
0.0066731,0.13058,-0.11413
0.0067583,0.12908,-0.11095
0.0068435,0.12047,-0.10125
0.0069288,0.10532,-0.085698
0.007014,0.084562,-0.065263
0.0070992,0.059389,-0.041193
0.007213,0.021364,-0.0058941
0.0073016,-0.0095142,0.021879
0.0073902,-0.039496,0.047949
0.0074788,-0.066803,0.070642
0.0075674,-0.08983,0.088501
0.007656,-0.10725,0.1004
0.0077446,-0.11812,0.1056
0.0078332,-0.12192,0.10382
0.0079218,-0.11856,0.095232
0.0080229,-0.10646,0.07789
0.008124,-0.08666,0.05395
0.0082251,-0.060838,0.025413
0.0083262,-0.031069,-0.0053493
0.0084273,0.00032652,-0.035769
0.0085284,0.030944,-0.063277
0.0086295,0.058478,-0.085522
0.0087501,0.084512,-0.10254
0.0088441,0.098097,-0.10734
0.008938,0.10503,-0.10428
0.0090319,0.1051,-0.093539
0.0091258,0.098558,-0.075826
0.0092198,0.086093,-0.052313
0.0093137,0.068749,-0.024574
0.0094076,0.04785,0.0055096
0.0095181,0.020767,0.041079
0.0096285,-0.0065697,0.073557
0.009739,-0.031678,0.099699
0.0098495,-0.052409,0.11683
0.00996,-0.067154,0.12312
0.01007,-0.074988,0.1178
0.010181,-0.075735,0.10114
0.010291,-0.069933,0.074453
0.010411,-0.05761,0.03677
0.010531,-0.041034,-0.0064147
0.01065,-0.022618,-0.050718
0.01077,-0.0048004,-0.091476
0.01089,0.010271,-0.12425
0.011009,0.021016,-0.14534
0.011102,0.02581,-0.15204
0.011194,0.027481,-0.14976
0.011287,0.026281,-0.1385
0.011379,0.022727,-0.11877
0.011472,0.017548,-0.091552
0.011564,0.011622,-0.058216
0.011657,0.0058922,-0.020488
0.011758,0.00091608,0.023741
0.01186,-0.0016159,0.067917
0.011962,-0.00090859,0.109
0.012045,0.0023489,0.13814
0.012128,0.0080112,0.16188
0.012211,0.015849,0.1791
0.012294,0.025422,0.18898
0.012377,0.0361,0.19102
0.01246,0.047095,0.18511
0.012543,0.057505,0.17143
0.012647,0.068281,0.14402
0.012751,0.074751,0.10664
0.012855,0.075243,0.06136
0.012959,0.068469,0.010666
0.013063,0.053696,-0.042549
0.013168,0.030867,-0.095114
0.013272,0.00068358,-0.14375
0.013383,-0.038045,-0.18789
0.013495,-0.080637,-0.22065
0.013606,-0.12339,-0.23962
0.013698,-0.15564,-0.2439
0.01379,-0.18263,-0.2377
0.013881,-0.20205,-0.2212
0.013973,-0.21191,-0.19489
0.014065,-0.21069,-0.15955
0.014156,-0.19747,-0.11623
0.014248,-0.17187,-0.06619
0.014359,-0.12447,0.0013631
0.014471,-0.060784,0.073081
0.014582,0.016133,0.14489
0.014693,0.10159,0.2122
0.014805,0.18915,0.27026
0.014916,0.27091,0.31465
0.015009,0.32841,0.33861
0.015102,0.37161,0.34925
0.015176,0.39371,0.34759
0.015251,0.40324,0.33656
0.015326,0.39961,0.31617
0.0154,0.38271,0.28656
0.015475,0.35273,0.24803
0.01555,0.3101,0.20097
0.015624,0.25541,0.14594
0.01572,0.16871,0.064704
0.015816,0.065672,-0.026294
0.015912,-0.050282,-0.12387
0.016008,-0.17393,-0.22361
0.016104,-0.29779,-0.3198
0.0162,-0.41241,-0.40591
0.016296,-0.50783,-0.47546
0.016383,-0.57074,-0.51976
0.016448,-0.60073,-0.53962
0.016504,-0.61481,-0.54745
0.016549,-0.61797,-0.54728
0.016594,-0.61435,-0.54158
0.016638,-0.60416,-0.53044
0.016683,-0.58767,-0.51399
0.016727,-0.56515,-0.49238
0.016807,-0.51049,-0.44108
0.016888,-0.43845,-0.37434
0.016968,-0.35002,-0.29289
0.017048,-0.24616,-0.19755
0.017116,-0.14744,-0.10719
0.017163,-0.072813,-0.03903
0.017193,-0.023351,0.00607
0.017217,0.017386,0.043171
0.017241,0.058937,0.080975
0.017265,0.10117,0.11937
0.017289,0.14395,0.15821
0.017339,0.23393,0.23986
0.017389,0.32369,0.32128
0.017439,0.41113,0.40065
0.017489,0.49388,0.47599
0.017539,0.5696,0.54526
0.017598,0.64643,0.61614
0.017656,0.70813,0.67378
0.017715,0.75319,0.71669
0.017773,0.78133,0.74429
0.01782,0.79213,0.75559
0.017867,0.79303,0.7576
0.017914,0.78476,0.75086
0.017962,0.76804,0.73596
0.018009,0.74357,0.71347
0.018056,0.71195,0.68393
0.018126,0.65271,0.62786
0.018196,0.57993,0.55824
0.018266,0.49428,0.47575
0.018336,0.39606,0.38072
0.018406,0.28537,0.27333
0.018476,0.16248,0.15387
0.018565,-0.0088775,-0.012897
0.018653,-0.19365,-0.19291
0.018742,-0.38253,-0.37723
0.018811,-0.52434,-0.51597
0.018867,-0.62814,-0.61791
0.018923,-0.71785,-0.70641
0.018979,-0.79036,-0.77839
0.019036,-0.844,-0.83211
0.019092,-0.87863,-0.86726
0.019133,-0.89248,-0.8817
0.019165,-0.89694,-0.88666
0.019191,-0.89682,-0.887
0.019218,-0.89344,-0.88408
0.019244,-0.887,-0.8781
0.019271,-0.87768,-0.86924
0.019297,-0.86566,-0.85768
0.01935,-0.83422,-0.82711
0.019403,-0.79377,-0.78747
0.019456,-0.74517,-0.73962
0.019509,-0.689,-0.68415
0.019562,-0.6256,-0.6214
0.019654,-0.49957,-0.4964
0.019745,-0.35243,-0.35024
0.019836,-0.18403,-0.18282
0.019912,-0.029005,-0.028619
0.019971,0.10027,0.1
0.02003,0.23432,0.23343
0.020089,0.36942,0.36794
0.020148,0.50053,0.49856
0.020207,0.62184,0.61952
0.020266,0.72765,0.72514
0.020315,0.79969,0.79715
0.020363,0.85656,0.85408
0.020412,0.89781,0.89548
0.02046,0.92395,0.92179
0.020496,0.93412,0.93212
0.020526,0.93723,0.93535
0.020555,0.93589,0.93414
0.020585,0.93043,0.92881
0.020615,0.92117,0.91967
0.020644,0.9084,0.90701
0.020697,0.87795,0.87675
0.020749,0.83856,0.83753
0.020801,0.79116,0.79028
0.020854,0.7364,0.73565
0.020906,0.67465,0.67403
0.020993,0.55676,0.55632
0.02108,0.41992,0.41965
0.021167,0.26366,0.26355
0.021255,0.088072,0.088116
0.021314,-0.042233,-0.042084
0.021374,-0.1788,-0.17855
0.021433,-0.3183,-0.31796
0.021493,-0.45592,-0.45552
0.021552,-0.5857,-0.58526
0.021612,-0.70202,-0.70156
0.02166,-0.78114,-0.78069
0.021709,-0.84541,-0.84499
0.021757,-0.89398,-0.8936
0.021805,-0.927,-0.92666
0.021843,-0.94282,-0.94251
0.021882,-0.94997,-0.9497
0.021895,-0.95058,-0.95032
0.021909,-0.95024,-0.95
0.021923,-0.949,-0.94877
0.021936,-0.94688,-0.94666
0.02195,-0.94392,-0.9437
0.021984,-0.93278,-0.93259
0.022019,-0.91686,-0.9167
0.022053,-0.89661,-0.89647
0.022088,-0.87238,-0.87227
0.022123,-0.84449,-0.84439
0.022221,-0.74685,-0.74679
0.022319,-0.6246,-0.62459
0.022418,-0.47874,-0.47875
0.022516,-0.30858,-0.30862
0.022597,-0.14939,-0.14946
0.022678,0.025714,0.025631
0.02274,0.16858,0.16848
0.022802,0.315,0.3149
0.022865,0.45955,0.45945
0.022927,0.59538,0.59528
0.022978,0.69496,0.69487
0.023029,0.78031,0.78023
0.023079,0.84901,0.84895
0.02313,0.90002,0.89997
0.023181,0.93354,0.93351
0.023219,0.94774,0.94772
0.02325,0.95321,0.95319
0.023281,0.95355,0.95353
0.023312,0.94917,0.94916
0.023343,0.94046,0.94046
0.023374,0.92778,0.92778
0.023423,0.90021,0.90021
0.023473,0.86452,0.86453
0.023522,0.82159,0.82161
0.023571,0.77204,0.77206
0.02362,0.71626,0.71628
0.023705,0.60595,0.60598
0.02379,0.47786,0.4779
0.023875,0.3315,0.33154
0.02396,0.16646,0.1665
0.024045,-0.016201,-0.016162
0.024109,-0.1618,-0.16177
0.024172,-0.31133,-0.3113
0.024236,-0.45908,-0.45904
0.024299,-0.5978,-0.59778
0.02435,-0.69742,-0.6974
0.024401,-0.78271,-0.7827
0.024452,-0.85126,-0.85126
0.024503,-0.90205,-0.90205
0.024553,-0.93532,-0.93532
0.024591,-0.94927,-0.94927
0.024622,-0.9546,-0.9546
0.024653,-0.95485,-0.95486
0.024683,-0.95043,-0.95044
0.024714,-0.94172,-0.94174
0.024745,-0.92909,-0.9291
0.024794,-0.90147,-0.90148
0.024844,-0.86573,-0.86575
0.024893,-0.82275,-0.82277
0.024943,-0.77314,-0.77316
0.024992,-0.71729,-0.71731
0.025077,-0.60717,-0.60719
0.025161,-0.47934,-0.47936
0.025246,-0.33331,-0.33333
0.025331,-0.16867,-0.16868
0.025416,0.013581,0.013563
0.025479,0.15886,0.15884
0.025542,0.30814,0.30812
0.025606,0.45578,0.45577
0.025669,0.59463,0.59462
0.02572,0.6949,0.69489
0.025771,0.78086,0.78086
0.025822,0.85006,0.85006
0.025873,0.90142,0.90142
0.025924,0.93516,0.93517
0.025962,0.94941,0.94942
0.025993,0.95491,0.95492
0.026024,0.95529,0.9553
0.026054,0.95095,0.95095
0.026085,0.94227,0.94228
0.026116,0.92964,0.92965
0.026166,0.90215,0.90215
0.026215,0.86656,0.86657
0.026264,0.82375,0.82376
0.026313,0.77434,0.77435
0.026363,0.71872,0.71873
0.026447,0.60887,0.60888
0.026532,0.48134,0.48135
0.026617,0.33565,0.33566
0.026702,0.17136,0.17137
0.026786,-0.010541,-0.010534
0.02685,-0.15546,-0.15545
0.026913,-0.30448,-0.30447
0.026976,-0.45203,-0.45202
0.027039,-0.591,-0.591
0.02709,-0.69196,-0.69196
0.027141,-0.77864,-0.77864
0.027192,-0.84853,-0.84853
0.027243,-0.90049,-0.90049
0.027295,-0.93472,-0.93472
0.027332,-0.94928,-0.94928
0.027363,-0.95496,-0.95496
0.027395,-0.95545,-0.95545
0.027426,-0.95118,-0.95119
0.027457,-0.94254,-0.94255
0.027488,-0.92991,-0.92991
0.027537,-0.90253,-0.90254
0.027586,-0.8671,-0.8671
0.027635,-0.82446,-0.82446
0.027684,-0.77524,-0.77525
0.027733,-0.71983,-0.71984
0.027818,-0.61019,-0.6102
0.027903,-0.48289,-0.48289
0.027988,-0.33744,-0.33744
0.028072,-0.17341,-0.17341
0.028157,0.0082569,0.0082538
0.02822,0.15291,0.1529
0.028283,0.30173,0.30172
0.028346,0.4492,0.4492
0.028409,0.58826,0.58826
0.028461,0.68974,0.68974
0.028512,0.77696,0.77696
0.028563,0.84735,0.84735
0.028614,0.89976,0.89976
0.028666,0.93435,0.93436
0.028704,0.94914,0.94914
0.028735,0.95494,0.95494
0.028766,0.95552,0.95552
0.028797,0.95131,0.95131
0.028828,0.94269,0.94269
0.028859,0.93005,0.93005
0.028908,0.90277,0.90277
0.028957,0.86743,0.86743
0.029007,0.82492,0.82492
0.029056,0.77584,0.77584
0.029105,0.72058,0.72058
0.029189,0.61108,0.61109
0.029274,0.48393,0.48393
0.029359,0.33864,0.33864
0.029444,0.17477,0.17478
0.029528,-0.0067357,-0.0067344
0.029591,-0.15121,-0.1512
0.029654,-0.29989,-0.29989
0.029717,-0.44731,-0.44731
0.02978,-0.58643,-0.58643
0.029832,-0.68826,-0.68826
0.029883,-0.77583,-0.77583
0.029934,-0.84657,-0.84657
0.029985,-0.89927,-0.89927
0.030037,-0.9341,-0.9341
0.030075,-0.94903,-0.94903
0.030106,-0.95491,-0.95491
0.030137,-0.95555,-0.95555
0.030169,-0.95137,-0.95137
0.0302,-0.94278,-0.94278
0.030231,-0.93013,-0.93014
0.03028,-0.90291,-0.90291
0.030329,-0.86764,-0.86764
0.030378,-0.82521,-0.82521
0.030427,-0.77622,-0.77622
0.030476,-0.72106,-0.72106
0.030561,-0.61165,-0.61165
0.030645,-0.48459,-0.48459
0.03073,-0.33941,-0.33941
0.030815,-0.17564,-0.17564
0.0309,0.0057706,0.00577
0.030963,0.15013,0.15012
0.031026,0.29872,0.29872
0.031089,0.44611,0.44611
0.031152,0.58527,0.58527
0.031203,0.68731,0.68731
0.031254,0.77511,0.77511
0.031306,0.84606,0.84606
0.031357,0.89896,0.89896
0.031408,0.93394,0.93394
0.031446,0.94897,0.94897
0.031478,0.9549,0.9549
0.031509,0.95557,0.95557
0.03154,0.95141,0.95141
0.031571,0.94282,0.94282
0.031603,0.93018,0.93018
0.031652,0.90299,0.90299
0.031701,0.86776,0.86776
0.03175,0.82538,0.82538
0.031799,0.77644,0.77644
0.031848,0.72134,0.72134
0.031932,0.61198,0.61198
0.032017,0.48498,0.48498
0.032102,0.33985,0.33985
0.032186,0.17615,0.17615
0.032271,-0.0052077,-0.0052074
0.032334,-0.1495,-0.14949
0.032397,-0.29804,-0.29804
0.03246,-0.44541,-0.44541
0.032523,-0.58459,-0.58459
0.032574,-0.68676,-0.68676
0.032626,-0.77469,-0.77469
0.032677,-0.84577,-0.84577
0.032728,-0.89877,-0.89877
0.03278,-0.93384,-0.93384
0.032818,-0.94893,-0.94893
0.032849,-0.95489,-0.95489
0.032881,-0.95558,-0.95558
0.032912,-0.95143,-0.95143
0.032943,-0.94285,-0.94285
0.032974,-0.9302,-0.9302
0.033023,-0.90302,-0.90302
0.033072,-0.86782,-0.86782
0.033121,-0.82545,-0.82545
0.03317,-0.77653,-0.77653
0.033219,-0.72146,-0.72146
0.033304,-0.61213,-0.61213
0.033389,-0.48515,-0.48515
0.033473,-0.34005,-0.34005
0.033558,-0.17638,-0.17638
0.033643,0.0049584,0.0049583
0.033706,0.14922,0.14922
0.033769,0.29774,0.29774
0.033832,0.4451,0.4451
0.033895,0.58428,0.58428
0.033946,0.68652,0.68652
0.033997,0.77451,0.77451
0.034049,0.84564,0.84564
0.0341,0.89869,0.89869
0.034151,0.9338,0.9338
0.03419,0.94892,0.94892
0.034221,0.95488,0.95488
0.034252,0.95558,0.95558
0.034284,0.95144,0.95144
0.034315,0.94286,0.94286
0.034346,0.93021,0.93021
0.034395,0.90304,0.90304
0.034444,0.86784,0.86784
0.034493,0.82548,0.82548
0.034542,0.77658,0.77658
0.034591,0.72152,0.72152
0.034676,0.61219,0.61219
0.03476,0.48523,0.48523
0.034845,0.34014,0.34014
0.03493,0.17647,0.17647
0.035014,-0.0048483,-0.0048483
0.035077,-0.14909,-0.14909
0.03514,-0.29761,-0.29761
0.035203,-0.44496,-0.44496
0.035266,-0.58415,-0.58415
0.035318,-0.68641,-0.68641
0.035369,-0.77443,-0.77443
0.03542,-0.84558,-0.84558
0.035472,-0.89866,-0.89866
0.035523,-0.93378,-0.93378
0.035562,-0.94891,-0.94891
0.035593,-0.95488,-0.95488
0.035624,-0.95559,-0.95559
0.035655,-0.95144,-0.95144
0.035687,-0.94286,-0.94286
0.035718,-0.93022,-0.93022
0.035767,-0.90305,-0.90305
0.035816,-0.86785,-0.86785
0.035865,-0.8255,-0.8255
0.035914,-0.7766,-0.7766
0.035963,-0.72154,-0.72154
0.036047,-0.61222,-0.61222
0.036132,-0.48526,-0.48526
0.036217,-0.34018,-0.34018
0.036302,-0.17652,-0.17652
0.036386,0.0047997,0.0047997
0.036449,0.14904,0.14904
0.036512,0.29755,0.29755
0.036575,0.4449,0.4449
0.036638,0.58409,0.58409
0.036689,0.68636,0.68636
0.036741,0.77439,0.77439
0.036792,0.84556,0.84556
0.036844,0.89864,0.89864
0.036895,0.93377,0.93377
0.036933,0.94891,0.94891
0.036965,0.95488,0.95488
0.036996,0.95559,0.95559
0.037027,0.95145,0.95145
0.037058,0.94286,0.94286
0.03709,0.93022,0.93022
0.037139,0.90305,0.90305
0.037188,0.86786,0.86786
0.037237,0.82551,0.82551
0.037286,0.7766,0.7766
0.037334,0.72155,0.72155
0.037419,0.61223,0.61223
0.037504,0.48528,0.48528
0.037589,0.34019,0.34019
0.037673,0.17654,0.17654
0.037758,-0.0047783,-0.0047782
0.037821,-0.14901,-0.14901
0.037884,-0.29752,-0.29752
0.037947,-0.44487,-0.44487
0.03801,-0.58407,-0.58407
0.038061,-0.68634,-0.68634
0.038113,-0.77437,-0.77437
0.038164,-0.84555,-0.84555
0.038215,-0.89863,-0.89863
0.038267,-0.93377,-0.93377
0.038305,-0.94891,-0.94891
0.038336,-0.95488,-0.95488
0.038368,-0.95559,-0.95559
0.038399,-0.95145,-0.95145
0.03843,-0.94287,-0.94287
0.038461,-0.93022,-0.93022
0.03851,-0.90305,-0.90305
0.038559,-0.86786,-0.86786
0.038608,-0.82551,-0.82551
0.038657,-0.77661,-0.77661
0.038706,-0.72155,-0.72155
0.038791,-0.61224,-0.61224
0.038876,-0.48528,-0.48528
0.03896,-0.3402,-0.3402
0.039045,-0.17655,-0.17655
0.03913,0.0047688,0.0047688
0.039193,0.149,0.149
0.039256,0.29751,0.29751
0.039319,0.44486,0.44486
0.039382,0.58405,0.58405
0.039433,0.68633,0.68633
0.039484,0.77437,0.77437
0.039536,0.84554,0.84554
0.039587,0.89863,0.89863
0.039639,0.93377,0.93377
0.039677,0.94891,0.94891
0.039708,0.95488,0.95488
0.039739,0.95559,0.95559
0.039771,0.95145,0.95145
0.039802,0.94287,0.94287
0.039833,0.93022,0.93022
0.039882,0.90305,0.90305
0.039931,0.86786,0.86786
0.03998,0.82551,0.82551
0.040029,0.77661,0.77661
0.040078,0.72156,0.72156
0.040163,0.61224,0.61224
0.040247,0.48528,0.48528
0.040332,0.3402,0.3402
0.040417,0.17655,0.17655
0.040502,-0.0047646,-0.0047646
0.040565,-0.149,-0.149
0.040627,-0.29751,-0.29751
0.04069,-0.44486,-0.44486
0.040753,-0.58405,-0.58405
0.040805,-0.68633,-0.68633
0.040856,-0.77436,-0.77436
0.040908,-0.84554,-0.84554
0.040959,-0.89863,-0.89863
0.04101,-0.93377,-0.93377
0.041049,-0.94891,-0.94891
0.04108,-0.95488,-0.95488
0.041111,-0.95559,-0.95559
0.041142,-0.95145,-0.95145
0.041174,-0.94287,-0.94287
0.041205,-0.93022,-0.93022
0.041254,-0.90305,-0.90305
0.041303,-0.86786,-0.86786
0.041352,-0.82551,-0.82551
0.041401,-0.77661,-0.77661
0.04145,-0.72156,-0.72156
0.041535,-0.61224,-0.61224
0.041619,-0.48529,-0.48529
0.041704,-0.34021,-0.34021
0.041789,-0.17655,-0.17655
0.041873,0.0047627,0.0047627
0.041936,0.149,0.149
0.041999,0.29751,0.29751
0.042062,0.44485,0.44485
0.042125,0.58405,0.58405
0.042177,0.68632,0.68632
0.042228,0.77436,0.77436
0.042279,0.84554,0.84554
0.042331,0.89863,0.89863
0.042382,0.93377,0.93377
0.04242,0.94891,0.94891
0.042452,0.95488,0.95488
0.042483,0.95559,0.95559
0.042514,0.95145,0.95145
0.042545,0.94287,0.94287
0.042577,0.93022,0.93022
0.042626,0.90305,0.90305
0.042675,0.86786,0.86786
0.042724,0.82551,0.82551
0.042773,0.77661,0.77661
0.042822,0.72156,0.72156
0.042906,0.61224,0.61224
0.042991,0.48529,0.48529
0.043076,0.34021,0.34021
0.04316,0.17655,0.17655
0.043245,-0.0047619,-0.0047619
0.043308,-0.149,-0.149
0.043371,-0.2975,-0.2975
0.043434,-0.44485,-0.44485
0.043497,-0.58405,-0.58405
0.043548,-0.68632,-0.68632
0.0436,-0.77436,-0.77436
0.043651,-0.84554,-0.84554
0.043702,-0.89863,-0.89863
0.043754,-0.93377,-0.93377
0.043792,-0.94891,-0.94891
0.043823,-0.95488,-0.95488
0.043855,-0.95559,-0.95559
0.043886,-0.95145,-0.95145
0.043917,-0.94287,-0.94287
0.043949,-0.93022,-0.93022
0.043997,-0.90305,-0.90305
0.044046,-0.86786,-0.86786
0.044095,-0.82551,-0.82551
0.044144,-0.77661,-0.77661
0.044193,-0.72156,-0.72156
0.044278,-0.61224,-0.61224
0.044363,-0.48529,-0.48529
0.044447,-0.34021,-0.34021
0.044532,-0.17655,-0.17655
0.044617,0.0047615,0.0047615
0.04468,0.149,0.149
0.044743,0.2975,0.2975
0.044806,0.44485,0.44485
0.044869,0.58405,0.58405
0.04492,0.68632,0.68632
0.044971,0.77436,0.77436
0.045023,0.84554,0.84554
0.045074,0.89863,0.89863
0.045126,0.93377,0.93377
0.045164,0.94891,0.94891
0.045195,0.95488,0.95488
0.045226,0.95559,0.95559
0.045258,0.95145,0.95145
0.045289,0.94287,0.94287
0.04532,0.93022,0.93022
0.045369,0.90305,0.90305
0.045418,0.86786,0.86786
0.045467,0.82551,0.82551
0.045516,0.77661,0.77661
0.045565,0.72156,0.72156
0.04565,0.61224,0.61224
0.045735,0.48529,0.48529
0.045819,0.34021,0.34021
0.045904,0.17655,0.17655
0.045989,-0.0047614,-0.0047614
0.046052,-0.149,-0.149
0.046115,-0.2975,-0.2975
0.046178,-0.44485,-0.44485
0.046241,-0.58405,-0.58405
0.046292,-0.68632,-0.68632
0.046343,-0.77436,-0.77436
0.046395,-0.84554,-0.84554
0.046446,-0.89863,-0.89863
0.046497,-0.93377,-0.93377
0.046536,-0.94891,-0.94891
0.046567,-0.95488,-0.95488
0.046598,-0.95559,-0.95559
0.04663,-0.95145,-0.95145
0.046661,-0.94287,-0.94287
0.046692,-0.93022,-0.93022
0.046741,-0.90305,-0.90305
0.04679,-0.86786,-0.86786
0.046839,-0.82551,-0.82551
0.046888,-0.77661,-0.77661
0.046937,-0.72156,-0.72156
0.047022,-0.61224,-0.61224
0.047106,-0.48529,-0.48529
0.047191,-0.34021,-0.34021
0.047276,-0.17655,-0.17655
0.04736,0.0047613,0.0047613
0.047423,0.149,0.149
0.047486,0.2975,0.2975
0.047549,0.44485,0.44485
0.047612,0.58405,0.58405
0.047664,0.68632,0.68632
0.047715,0.77436,0.77436
0.047766,0.84554,0.84554
0.047818,0.89863,0.89863
0.047869,0.93377,0.93377
0.047907,0.94891,0.94891
0.047939,0.95488,0.95488
0.04797,0.95559,0.95559
0.048001,0.95145,0.95145
0.048033,0.94287,0.94287
0.048064,0.93022,0.93022
0.048113,0.90305,0.90305
0.048162,0.86786,0.86786
0.048211,0.82551,0.82551
0.04826,0.77661,0.77661
0.048309,0.72156,0.72156
0.048393,0.61224,0.61224
0.048478,0.48529,0.48529
0.048563,0.34021,0.34021
0.048648,0.17655,0.17655
0.048732,-0.0047613,-0.0047613
0.048795,-0.149,-0.149
0.048858,-0.2975,-0.2975
0.048921,-0.44485,-0.44485
0.048984,-0.58405,-0.58405
0.049035,-0.68632,-0.68632
0.049087,-0.77436,-0.77436
0.049138,-0.84554,-0.84554
0.04919,-0.89863,-0.89863
0.049241,-0.93377,-0.93377
0.049279,-0.94891,-0.94891
0.049311,-0.95488,-0.95488
0.049342,-0.95559,-0.95559
0.049373,-0.95145,-0.95145
0.049404,-0.94287,-0.94287
0.049436,-0.93022,-0.93022
0.049485,-0.90305,-0.90305
0.049534,-0.86786,-0.86786
0.049583,-0.82551,-0.82551
0.049632,-0.77661,-0.77661
0.04968,-0.72156,-0.72156
0.049765,-0.61224,-0.61224
0.04985,-0.48529,-0.48529
0.049935,-0.34021,-0.34021
0.05,-0.2154,-0.2154
