0,0.2,-0.201
3.1455e-11,0.2,-0.201
6.2909e-11,0.2,-0.201
9.4364e-11,0.2,-0.201
1.2582e-10,0.2,-0.201
2.8309e-10,0.2,-0.201
4.4036e-10,0.2,-0.201
5.9764e-10,0.2,-0.201
7.5491e-10,0.2,-0.201
1.5413e-09,0.2,-0.201
2.3276e-09,0.2,-0.201
3.114e-09,0.2,-0.201
3.9004e-09,0.2,-0.201
7.8322e-09,0.2,-0.201
1.1764e-08,0.2,-0.201
1.5696e-08,0.2,-0.201
1.9628e-08,0.2,-0.201
3.9287e-08,0.2,-0.201
5.8946e-08,0.2,-0.201
7.8605e-08,0.2,-0.201
9.8264e-08,0.2,-0.201
1.9656e-07,0.2,-0.201
2.9485e-07,0.2,-0.201
3.9315e-07,0.2,-0.201
4.9145e-07,0.2,-0.201
9.8292e-07,0.2,-0.201
1.4744e-06,0.2,-0.201
1.9659e-06,0.2,-0.201
2.4574e-06,0.2,-0.201
4.9147e-06,0.19998,-0.20098
7.3721e-06,0.19996,-0.20096
9.8295e-06,0.19992,-0.20092
1.2287e-05,0.19988,-0.20088
2.4574e-05,0.19952,-0.20052
3.6861e-05,0.19892,-0.19992
4.9148e-05,0.19809,-0.19908
6.1435e-05,0.19702,-0.19801
0.00011361,0.18992,-0.19089
0.00016579,0.17885,-0.17977
0.00021796,0.16407,-0.16494
0.00027014,0.14595,-0.14675
0.00033864,0.11775,-0.11845
0.00040715,0.085556,-0.086116
0.00047565,0.050537,-0.050941
0.00054416,0.013973,-0.014202
0.00062289,-0.028241,0.028235
0.00070162,-0.06862,0.068853
0.00078035,-0.10514,0.10563
0.00085908,-0.13605,0.13678
0.00092753,-0.15721,0.15815
0.00099598,-0.17223,0.17337
0.0010644,-0.18063,0.18194
0.0011329,-0.1822,0.18366
0.0012076,-0.17625,0.17784
0.0012824,-0.16266,0.16434
0.0013572,-0.14211,0.14384
0.001432,-0.1156,0.11733
0.0015015,-0.086667,0.088358
0.0015711,-0.054735,0.056338
0.0016406,-0.021018,0.022487
0.0017102,0.013208,-0.011922
0.0017854,0.049288,-0.048251
0.0018606,0.082789,-0.082052
0.0019357,0.11218,-0.11179
0.0020109,0.13619,-0.13618
0.0020801,0.15266,-0.15302
0.0021493,0.16312,-0.16386
0.0022185,0.16722,-0.16835
0.0022877,0.16493,-0.16645
0.0023584,0.15622,-0.1581
0.0024292,0.14147,-0.14369
0.0024999,0.12131,-0.12384
0.0025707,0.096606,-0.099394
0.0026411,0.068472,-0.071461
0.0027116,0.037923,-0.041047
0.002782,0.006153,-0.0093384
0.0028525,-0.025601,0.022437
0.0029249,-0.05692,0.053872
0.0029973,-0.085578,0.082744
0.0030697,-0.11036,0.10784
0.0031421,-0.13029,0.12818
0.0032117,-0.14415,0.14252
0.0032813,-0.1523,0.15123
0.0033509,-0.15449,0.15403
0.0034205,-0.15073,0.15094
0.0034895,-0.14138,0.14227
0.0035586,-0.12682,0.12843
0.0036276,-0.10764,0.10996
0.0036967,-0.084598,0.087615
0.0037674,-0.057896,0.061596
0.0038382,-0.029124,0.033455
0.003909,0.00057884,0.0043053
0.0039798,0.030049,-0.024709
0.0040508,0.058236,-0.052558
0.0041219,0.083864,-0.077989
0.0041929,0.1059,-0.099983
0.004264,0.12349,-0.11771
0.0043337,0.13582,-0.13033
0.0044035,0.14279,-0.13777
0.0044732,0.14419,-0.1398
0.004543,0.14005,-0.13644
0.0046114,0.13083,-0.12813
0.0046799,0.11688,-0.11522
0.0047484,0.098751,-0.098221
0.0048168,0.077133,-0.077821
0.0048876,0.051967,-0.053977
0.0049584,0.024931,-0.028296
0.0050292,-0.0029122,-0.0018062
0.0051001,-0.030475,0.024443
0.0051707,-0.056615,0.049355
0.0052413,-0.080356,0.071992
0.0053119,-0.10076,0.091455
0.0053825,-0.11705,0.10702
0.0054522,-0.12854,0.11802
0.005522,-0.13503,0.12428
0.0055917,-0.13632,0.1256
0.0056615,-0.13242,0.12204
0.0057295,-0.12384,0.11407
0.0057975,-0.1109,0.10201
0.0058655,-0.094067,0.086342
0.0059335,-0.073988,0.067685
0.0060042,-0.050441,0.045874
0.006075,-0.025093,0.022501
0.0061457,0.0010714,-0.0014859
0.0062165,0.027044,-0.025124
0.0062863,0.051501,-0.047179
0.0063561,0.073856,-0.067095
0.0064258,0.093258,-0.084087
0.0064956,0.10901,-0.097529
0.0065653,0.12054,-0.10693
0.0066349,0.12748,-0.11197
0.0067046,0.12959,-0.11249
0.0067742,0.12688,-0.10855
0.0068413,0.11989,-0.10074
0.0069083,0.10887,-0.089331
0.0069753,0.094226,-0.074746
0.0070423,0.076506,-0.057551
0.0071131,0.055148,-0.037276
0.0071838,0.031887,-0.015656
0.0072546,0.0076189,0.0064201
0.0073254,-0.016737,0.028049
0.0073938,-0.039505,0.047709
0.0074622,-0.060672,0.065352
0.0075306,-0.079484,0.080293
0.007599,-0.095307,0.09198
0.0076688,-0.10783,0.10012
0.0077386,-0.11628,0.10411
0.0078084,-0.12037,0.1038
0.0078782,-0.12005,0.099242
0.0079446,-0.11575,0.091178
0.008011,-0.10774,0.079769
0.0080773,-0.096337,0.065429
0.0081437,-0.081977,0.04868
0.0082136,-0.064218,0.0291
0.0082835,-0.044434,0.0083041
0.0083534,-0.023371,-0.012873
0.0084233,-0.0018069,-0.033584
0.0084903,0.018603,-0.052225
0.0085573,0.03806,-0.068957
0.0086243,0.055918,-0.083142
0.0086913,0.071618,-0.094253
0.0087595,0.084898,-0.10199
0.0088277,0.095028,-0.10578
0.0088959,0.10172,-0.10547
0.0089641,0.10483,-0.10105
0.0090315,0.1044,-0.092832
0.0090988,0.10058,-0.081038
0.0091662,0.093599,-0.066064
0.0092335,0.083774,-0.048432
0.0093001,0.071678,-0.028986
0.0093667,0.05768,-0.0082076
0.0094332,0.042297,0.013185
0.0094998,0.026074,0.034445
0.009568,0.0091694,0.055303
0.0096362,-0.0074233,0.074432
0.0097044,-0.023129,0.091089
0.0097726,-0.037439,0.10464
0.0098346,-0.048864,0.11381
0.0098966,-0.058484,0.11966
0.0099586,-0.066082,0.12196
0.010021,-0.071524,0.12062
0.010093,-0.075079,0.11446
0.010165,-0.07562,0.10353
0.010238,-0.073286,0.088154
0.01031,-0.068352,0.068893
0.01037,-0.062574,0.050507
0.01043,-0.055523,0.030381
0.01049,-0.047479,0.0090236
0.01055,-0.038742,-0.013022
0.010622,-0.027864,-0.039365
0.010693,-0.016964,-0.064868
0.010764,-0.0065418,-0.088548
0.010836,0.0029724,-0.10949
0.0109,0.010498,-0.12541
0.010965,0.016753,-0.13786
0.011029,0.021581,-0.14643
0.011094,0.024905,-0.15082
0.011156,0.026676,-0.15095
0.011218,0.027111,-0.14706
0.011279,0.026312,-0.13918
0.011341,0.024437,-0.1275
0.011394,0.022155,-0.11479
0.011446,0.019385,-0.099721
0.011498,0.016285,-0.082543
0.011551,0.013021,-0.063537
0.011611,0.0092836,-0.039842
0.011672,0.0058164,-0.014686
0.011732,0.0028691,0.011355
0.011792,0.00066446,0.037677
0.011825,-0.00016204,0.052096
0.011859,-0.00067368,0.066301
0.011892,-0.00084642,0.080188
0.011925,-0.00066117,0.09365
0.011958,-0.00010364,0.10659
0.011992,0.000836,0.1189
0.012025,0.0021621,0.13049
0.012058,0.0038731,0.14127
0.012104,0.006819,0.15454
0.012149,0.010436,0.16595
0.012195,0.014671,0.17534
0.01224,0.019451,0.18257
0.012304,0.026864,0.18886
0.012367,0.034865,0.19056
0.012431,0.043109,0.1876
0.012494,0.051208,0.18002
0.012559,0.058865,0.16776
0.012623,0.065487,0.15115
0.012688,0.070629,0.13055
0.012752,0.073874,0.10638
0.012823,0.074811,0.076478
0.012893,0.072598,0.043691
0.012964,0.06691,0.008865
0.013035,0.057571,-0.02708
0.013106,0.044414,-0.063501
0.013177,0.0276,-0.099009
0.013248,0.0073968,-0.13255
0.013319,-0.01572,-0.16312
0.013392,-0.041508,-0.19019
0.013464,-0.068807,-0.21238
0.013536,-0.096638,-0.22898
0.013609,-0.12389,-0.23952
0.013685,-0.15052,-0.24371
0.01376,-0.17383,-0.24074
0.013836,-0.19247,-0.23062
0.013912,-0.20526,-0.21358
0.013992,-0.21135,-0.18826
0.014073,-0.20873,-0.15608
0.014154,-0.19678,-0.11777
0.014234,-0.17529,-0.074219
0.014317,-0.14346,-0.02512
0.0144,-0.10218,0.027057
0.014483,-0.052369,0.080753
0.014566,0.004534,0.13424
0.014652,0.069391,0.18781
0.014739,0.13704,0.23684
0.014825,0.20409,0.27914
0.014911,0.26675,0.31282
0.014994,0.31898,0.33545
0.015077,0.36039,0.34763
0.01516,0.38843,0.34865
0.015242,0.40139,0.33819
0.015325,0.39843,0.31636
0.015407,0.37936,0.28331
0.01549,0.34435,0.23941
0.015572,0.29407,0.18525
0.015655,0.22892,0.1211
0.015738,0.15027,0.048437
0.015821,0.05975,-0.031167
0.015904,-0.040238,-0.11553
0.016,-0.16267,-0.21473
0.016095,-0.28572,-0.31078
0.016191,-0.40048,-0.39748
0.016286,-0.49768,-0.46869
0.016367,-0.55967,-0.51266
0.016447,-0.59993,-0.53955
0.016528,-0.61711,-0.54828
0.016609,-0.61151,-0.53872
0.016697,-0.58126,-0.5082
0.016785,-0.52783,-0.45768
0.016873,-0.453,-0.38818
0.016961,-0.3583,-0.30076
0.017054,-0.23814,-0.19025
0.017147,-0.09851,-0.062342
0.01724,0.057241,0.079741
0.017333,0.22288,0.23031
0.017402,0.34669,0.34264
0.017471,0.46467,0.4499
0.01754,0.57077,0.54689
0.017609,0.65962,0.62892
0.017678,0.72697,0.69207
0.017747,0.77111,0.73446
0.017816,0.79213,0.75571
0.017885,0.79147,0.75671
0.017958,0.76965,0.73757
0.018032,0.72873,0.69979
0.018106,0.67091,0.64526
0.018179,0.59776,0.57544
0.018264,0.49635,0.47784
0.018348,0.37649,0.36186
0.018433,0.23858,0.22795
0.018517,0.083435,0.077043
0.018591,-0.064001,-0.066495
0.018664,-0.21919,-0.21773
0.018737,-0.37585,-0.37063
0.018811,-0.52544,-0.51705
0.018884,-0.65784,-0.64722
0.018957,-0.76422,-0.75251
0.019031,-0.83939,-0.82764
0.019104,-0.88209,-0.87115
0.019164,-0.89453,-0.88458
0.019223,-0.88967,-0.88079
0.019282,-0.8697,-0.86191
0.019342,-0.83664,-0.82986
0.019408,-0.78618,-0.78044
0.019475,-0.72299,-0.7182
0.019541,-0.64809,-0.64415
0.019607,-0.56196,-0.55881
0.019696,-0.43007,-0.4279
0.019784,-0.27775,-0.27653
0.019873,-0.10528,-0.10501
0.019961,0.08486,0.084185
0.020024,0.22768,0.22637
0.020087,0.37179,0.36991
0.020149,0.51104,0.50874
0.020212,0.6386,0.63604
0.020275,0.74742,0.7448
0.020338,0.83266,0.83014
0.020401,0.89204,0.88975
0.020463,0.92579,0.92381
0.020519,0.9363,0.9346
0.020575,0.93102,0.9296
0.02063,0.9121,0.91092
0.020686,0.8814,0.88044
0.020752,0.83167,0.83094
0.020818,0.76927,0.76873
0.020884,0.69532,0.69496
0.02095,0.61039,0.61018
0.021035,0.48568,0.48564
0.02112,0.34238,0.3425
0.021205,0.18022,0.18048
0.02129,0.00021393,0.00061455
0.021354,-0.1474,-0.14691
0.021419,-0.29947,-0.29892
0.021484,-0.45,-0.44942
0.021549,-0.59151,-0.59094
0.021614,-0.71564,-0.71511
0.021678,-0.81568,-0.81523
0.021743,-0.88789,-0.88754
0.021808,-0.93169,-0.93143
0.021864,-0.9484,-0.94822
0.021919,-0.94818,-0.94807
0.021975,-0.93333,-0.93328
0.022031,-0.90596,-0.90595
0.022098,-0.85944,-0.85947
0.022164,-0.79974,-0.79981
0.022231,-0.7282,-0.72831
0.022297,-0.64556,-0.64569
0.022381,-0.52541,-0.52557
0.022465,-0.38722,-0.38741
0.022549,-0.23051,-0.23071
0.022634,-0.055683,-0.055898
0.022701,0.095886,0.095668
0.022768,0.25402,0.25381
0.022835,0.41269,0.4125
0.022903,0.56382,0.56366
0.02297,0.69792,0.6978
0.023037,0.80688,0.8068
0.023105,0.88592,0.88589
0.023172,0.934,0.93401
0.023228,0.95217,0.9522
0.023284,0.95285,0.9529
0.023341,0.93845,0.93851
0.023397,0.91117,0.91124
0.023464,0.86469,0.86477
0.023531,0.80487,0.80496
0.023598,0.7331,0.7332
0.023664,0.65014,0.65024
0.023748,0.53074,0.53084
0.023832,0.39351,0.39361
0.023915,0.23795,0.23806
0.023999,0.064386,0.064489
0.024067,-0.088102,-0.088005
0.024135,-0.2475,-0.24742
0.024202,-0.40775,-0.40768
0.02427,-0.56065,-0.5606
0.024338,-0.69648,-0.69645
0.024406,-0.80686,-0.80685
0.024473,-0.88686,-0.88686
0.024541,-0.93537,-0.93539
0.024598,-0.95349,-0.95352
0.024654,-0.95409,-0.95413
0.02471,-0.93962,-0.93966
0.024767,-0.91226,-0.9123
0.024833,-0.86571,-0.86576
0.0249,-0.80585,-0.8059
0.024967,-0.73406,-0.73411
0.025034,-0.65109,-0.65114
0.025117,-0.53177,-0.53182
0.025201,-0.39466,-0.39471
0.025285,-0.23925,-0.2393
0.025368,-0.065844,-0.06589
0.025436,0.086827,0.086785
0.025504,0.24647,0.24643
0.025572,0.40702,0.40699
0.02564,0.56024,0.56022
0.025707,0.69638,0.69637
0.025775,0.80701,0.80701
0.025843,0.88717,0.88718
0.025911,0.93576,0.93577
0.025967,0.95386,0.95388
0.026023,0.95446,0.95448
0.02608,0.93998,0.94
0.026136,0.91261,0.91263
0.026203,0.86606,0.86608
0.02627,0.80619,0.80622
0.026336,0.7344,0.73443
0.026403,0.65143,0.65146
0.026487,0.53214,0.53216
0.02657,0.39507,0.39509
0.026654,0.23971,0.23973
0.026738,0.066358,0.066378
0.026806,-0.086373,-0.086355
0.026873,-0.2461,-0.24608
0.026941,-0.40674,-0.40673
0.027009,-0.56007,-0.56007
0.027077,-0.69632,-0.69632
0.027145,-0.80704,-0.80704
0.027213,-0.88726,-0.88726
0.027281,-0.93587,-0.93588
0.027337,-0.95397,-0.95398
0.027393,-0.95457,-0.95458
0.027449,-0.94008,-0.94009
0.027506,-0.91271,-0.91272
0.027573,-0.86615,-0.86616
0.027639,-0.80629,-0.8063
0.027706,-0.7345,-0.73451
0.027773,-0.65153,-0.65154
0.027857,-0.53224,-0.53225
0.02794,-0.39518,-0.39519
0.028024,-0.23983,-0.23984
0.028107,-0.066493,-0.066502
0.028175,0.086255,0.086247
0.028243,0.246,0.24599
0.028311,0.40667,0.40667
0.028379,0.56003,0.56003
0.028447,0.69631,0.69631
0.028515,0.80705,0.80705
0.028582,0.88729,0.88729
0.02865,0.93591,0.93591
0.028707,0.95401,0.95401
0.028763,0.9546,0.9546
0.028819,0.94011,0.94011
0.028876,0.91274,0.91275
0.028942,0.86618,0.86619
0.029009,0.80631,0.80632
0.029076,0.73452,0.73453
0.029143,0.65155,0.65156
0.029226,0.53227,0.53227
0.02931,0.39521,0.39521
0.029393,0.23987,0.23987
0.029477,0.066532,0.066536
0.029545,-0.08622,-0.086216
0.029613,-0.24597,-0.24597
0.029681,-0.40665,-0.40665
0.029749,-0.56002,-0.56002
0.029816,-0.6963,-0.6963
0.029884,-0.80705,-0.80705
0.029952,-0.88729,-0.88729
0.03002,-0.93592,-0.93592
0.030076,-0.95402,-0.95402
0.030133,-0.95461,-0.95461
0.030189,-0.94012,-0.94012
0.030245,-0.91275,-0.91275
0.030312,-0.86619,-0.86619
0.030379,-0.80632,-0.80632
0.030446,-0.73453,-0.73453
0.030512,-0.65156,-0.65156
0.030596,-0.53228,-0.53228
0.03068,-0.39522,-0.39522
0.030763,-0.23988,-0.23988
0.030847,-0.066544,-0.066545
0.030915,0.08621,0.086209
0.030983,0.24596,0.24596
0.03105,0.40665,0.40665
0.031118,0.56002,0.56002
0.031186,0.6963,0.6963
0.031254,0.80705,0.80705
0.031322,0.8873,0.8873
0.03139,0.93592,0.93592
0.031446,0.95402,0.95402
0.031502,0.95461,0.95461
0.031559,0.94012,0.94012
0.031615,0.91275,0.91275
0.031682,0.86619,0.8662
0.031749,0.80633,0.80633
0.031815,0.73453,0.73454
0.031882,0.65156,0.65156
0.031966,0.53228,0.53228
0.032049,0.39522,0.39522
0.032133,0.23988,0.23988
0.032217,0.066547,0.066547
0.032284,-0.086207,-0.086207
0.032352,-0.24596,-0.24596
0.03242,-0.40665,-0.40664
0.032488,-0.56002,-0.56002
0.032556,-0.6963,-0.6963
0.032624,-0.80705,-0.80705
0.032692,-0.8873,-0.8873
0.032759,-0.93592,-0.93592
0.032816,-0.95402,-0.95402
0.032872,-0.95461,-0.95461
0.032928,-0.94012,-0.94012
0.032985,-0.91275,-0.91275
0.033052,-0.8662,-0.8662
0.033118,-0.80633,-0.80633
0.033185,-0.73454,-0.73454
0.033252,-0.65156,-0.65156
0.033335,-0.53228,-0.53228
0.033419,-0.39522,-0.39522
0.033503,-0.23988,-0.23988
0.033586,-0.066548,-0.066548
0.033654,0.086207,0.086206
0.033722,0.24596,0.24596
0.03379,0.40664,0.40664
0.033858,0.56002,0.56002
0.033926,0.6963,0.6963
0.033993,0.80705,0.80705
0.034061,0.8873,0.8873
0.034129,0.93592,0.93592
0.034186,0.95402,0.95402
0.034242,0.95461,0.95461
0.034298,0.94012,0.94012
0.034354,0.91275,0.91275
0.034421,0.8662,0.8662
0.034488,0.80633,0.80633
0.034555,0.73454,0.73454
0.034622,0.65156,0.65156
0.034705,0.53228,0.53228
0.034789,0.39522,0.39522
0.034872,0.23988,0.23988
0.034956,0.066548,0.066548
0.035024,-0.086206,-0.086206
0.035092,-0.24596,-0.24596
0.03516,-0.40664,-0.40664
0.035227,-0.56002,-0.56002
0.035295,-0.6963,-0.6963
0.035363,-0.80705,-0.80705
0.035431,-0.8873,-0.8873
0.035499,-0.93592,-0.93592
0.035555,-0.95402,-0.95402
0.035612,-0.95461,-0.95461
0.035668,-0.94012,-0.94012
0.035724,-0.91275,-0.91275
0.035791,-0.8662,-0.8662
0.035858,-0.80633,-0.80633
0.035925,-0.73454,-0.73454
0.035991,-0.65156,-0.65156
0.036075,-0.53228,-0.53228
0.036159,-0.39522,-0.39522
0.036242,-0.23988,-0.23988
0.036326,-0.066548,-0.066548
0.036394,0.086206,0.086206
0.036461,0.24596,0.24596
0.036529,0.40664,0.40664
0.036597,0.56002,0.56002
0.036665,0.6963,0.6963
0.036733,0.80705,0.80705
0.036801,0.8873,0.8873
0.036869,0.93592,0.93592
0.036925,0.95402,0.95402
0.036981,0.95461,0.95461
0.037038,0.94012,0.94012
0.037094,0.91275,0.91275
0.037161,0.8662,0.8662
0.037227,0.80633,0.80633
0.037294,0.73454,0.73454
0.037361,0.65156,0.65156
0.037445,0.53228,0.53228
0.037528,0.39522,0.39522
0.037612,0.23988,0.23988
0.037695,0.066548,0.066548
0.037763,-0.086206,-0.086206
0.037831,-0.24596,-0.24596
0.037899,-0.40664,-0.40664
0.037967,-0.56002,-0.56002
0.038035,-0.6963,-0.6963
0.038103,-0.80705,-0.80705
0.038171,-0.8873,-0.8873
0.038238,-0.93592,-0.93592
0.038295,-0.95402,-0.95402
0.038351,-0.95461,-0.95461
0.038407,-0.94012,-0.94012
0.038464,-0.91275,-0.91275
0.03853,-0.8662,-0.8662
0.038597,-0.80633,-0.80633
0.038664,-0.73454,-0.73454
0.038731,-0.65156,-0.65156
0.038814,-0.53228,-0.53228
0.038898,-0.39522,-0.39522
0.038982,-0.23988,-0.23988
0.039065,-0.066548,-0.066548
0.039133,0.086206,0.086206
0.039201,0.24596,0.24596
0.039269,0.40664,0.40664
0.039337,0.56002,0.56002
0.039405,0.6963,0.6963
0.039472,0.80705,0.80705
0.03954,0.8873,0.8873
0.039608,0.93592,0.93592
0.039664,0.95402,0.95402
0.039721,0.95461,0.95461
0.039777,0.94012,0.94012
0.039833,0.91275,0.91275
0.0399,0.8662,0.8662
0.039967,0.80633,0.80633
0.040034,0.73454,0.73454
0.040101,0.65156,0.65156
0.040184,0.53228,0.53228
0.040268,0.39522,0.39522
0.040351,0.23988,0.23988
0.040435,0.066548,0.066548
0.040503,-0.086206,-0.086206
0.040571,-0.24596,-0.24596
0.040639,-0.40664,-0.40664
0.040706,-0.56002,-0.56002
0.040774,-0.6963,-0.6963
0.040842,-0.80705,-0.80705
0.04091,-0.8873,-0.8873
0.040978,-0.93592,-0.93592
0.041034,-0.95402,-0.95402
0.041091,-0.95461,-0.95461
0.041147,-0.94012,-0.94012
0.041203,-0.91275,-0.91275
0.04127,-0.8662,-0.8662
0.041337,-0.80633,-0.80633
0.041403,-0.73454,-0.73454
0.04147,-0.65156,-0.65156
0.041554,-0.53228,-0.53228
0.041637,-0.39522,-0.39522
0.041721,-0.23988,-0.23988
0.041805,-0.066548,-0.066548
0.041873,0.086206,0.086206
0.04194,0.24596,0.24596
0.042008,0.40664,0.40664
0.042076,0.56002,0.56002
0.042144,0.6963,0.6963
0.042212,0.80705,0.80705
0.04228,0.8873,0.8873
0.042348,0.93592,0.93592
0.042404,0.95402,0.95402
0.04246,0.95461,0.95461
0.042517,0.94012,0.94012
0.042573,0.91275,0.91275
0.04264,0.8662,0.8662
0.042706,0.80633,0.80633
0.042773,0.73454,0.73454
0.04284,0.65156,0.65156
0.042924,0.53228,0.53228
0.043007,0.39522,0.39522
0.043091,0.23988,0.23988
0.043174,0.066548,0.066548
0.043242,-0.086206,-0.086206
0.04331,-0.24596,-0.24596
0.043378,-0.40664,-0.40664
0.043446,-0.56002,-0.56002
0.043514,-0.6963,-0.6963
0.043582,-0.80705,-0.80705
0.04365,-0.8873,-0.8873
0.043717,-0.93592,-0.93592
0.043774,-0.95402,-0.95402
0.04383,-0.95461,-0.95461
0.043886,-0.94012,-0.94012
0.043943,-0.91275,-0.91275
0.044009,-0.8662,-0.8662
0.044076,-0.80633,-0.80633
0.044143,-0.73454,-0.73454
0.04421,-0.65156,-0.65156
0.044293,-0.53228,-0.53228
0.044377,-0.39522,-0.39522
0.044461,-0.23988,-0.23988
0.044544,-0.066548,-0.066548
0.044612,0.086206,0.086206
0.04468,0.24596,0.24596
0.044748,0.40664,0.40664
0.044816,0.56002,0.56002
0.044883,0.6963,0.6963
0.044951,0.80705,0.80705
0.045019,0.8873,0.8873
0.045087,0.93592,0.93592
0.045143,0.95402,0.95402
0.0452,0.95461,0.95461
0.045256,0.94012,0.94012
0.045312,0.91275,0.91275
0.045379,0.8662,0.8662
0.045446,0.80633,0.80633
0.045513,0.73454,0.73454
0.045579,0.65156,0.65156
0.045663,0.53228,0.53228
0.045747,0.39522,0.39522
0.04583,0.23988,0.23988
0.045914,0.066548,0.066548
0.045982,-0.086206,-0.086206
0.04605,-0.24596,-0.24596
0.046117,-0.40664,-0.40664
0.046185,-0.56002,-0.56002
0.046253,-0.6963,-0.6963
0.046321,-0.80705,-0.80705
0.046389,-0.8873,-0.8873
0.046457,-0.93592,-0.93592
0.046513,-0.95402,-0.95402
0.046569,-0.95461,-0.95461
0.046626,-0.94012,-0.94012
0.046682,-0.91275,-0.91275
0.046749,-0.8662,-0.8662
0.046816,-0.80633,-0.80633
0.046882,-0.73454,-0.73454
0.046949,-0.65156,-0.65156
0.047033,-0.53228,-0.53228
0.047116,-0.39522,-0.39522
0.0472,-0.23988,-0.23988
0.047284,-0.066548,-0.066548
0.047351,0.086206,0.086206
0.047419,0.24596,0.24596
0.047487,0.40664,0.40664
0.047555,0.56002,0.56002
0.047623,0.6963,0.6963
0.047691,0.80705,0.80705
0.047759,0.8873,0.8873
0.047827,0.93592,0.93592
0.047883,0.95402,0.95402
0.047939,0.95461,0.95461
0.047995,0.94012,0.94012
0.048052,0.91275,0.91275
0.048119,0.8662,0.8662
0.048185,0.80633,0.80633
0.048252,0.73454,0.73454
0.048319,0.65156,0.65156
0.048403,0.53228,0.53228
0.048486,0.39522,0.39522
0.04857,0.23988,0.23988
0.048653,0.066548,0.066548
0.048721,-0.086206,-0.086206
0.048789,-0.24596,-0.24596
0.048857,-0.40664,-0.40664
0.048925,-0.56002,-0.56002
0.048993,-0.6963,-0.6963
0.049061,-0.80705,-0.80705
0.049128,-0.8873,-0.8873
0.049196,-0.93592,-0.93592
0.049253,-0.95402,-0.95402
0.049309,-0.95461,-0.95461
0.049365,-0.94012,-0.94012
0.049422,-0.91275,-0.91275
0.049488,-0.8662,-0.8662
0.049555,-0.80633,-0.80633
0.049622,-0.73454,-0.73454
0.049689,-0.65156,-0.65156
0.049766,-0.54104,-0.54104
0.049844,-0.41519,-0.41519
0.049922,-0.27356,-0.27356
0.05,-0.11614,-0.11614
