0,-3.1417
1.7678e-08,-3.1417
3.5356e-08,-3.1417
5.3034e-08,-3.1417
7.0712e-08,-3.1417
1.591e-07,-3.1417
2.4749e-07,-3.1417
3.3588e-07,-3.1417
4.2427e-07,-3.1417
8.6622e-07,-3.1417
1.3082e-06,-3.1417
1.7501e-06,-3.1417
2.1921e-06,-3.1417
4.4018e-06,-3.1417
6.6116e-06,-3.1417
8.8213e-06,-3.1417
1.1031e-05,-3.1417
2.208e-05,-3.1417
3.3129e-05,-3.1418
4.4177e-05,-3.1418
5.5226e-05,-3.1418
0.00011047,-3.142
0.00016571,-3.1422
0.00022096,-3.1423
0.0002762,-3.1425
0.00055242,-3.1436
0.00082864,-3.1449
0.0011049,-3.1464
0.0013811,-3.1483
0.0025199,-3.1594
0.0036587,-3.1723
0.0047975,-3.1728
0.0059363,-3.1359
0.0064766,-3.0953
0.007017,-3.0338
0.0075574,-2.9496
0.0080977,-2.8442
0.0086381,-2.7237
0.0091785,-2.5997
0.0097189,-2.4812
0.010259,-2.3725
0.010518,-2.3207
0.010778,-2.2696
0.011037,-2.2066
0.011296,-2.0925
0.011345,-2.0594
0.011394,-2.0188
0.011443,-1.9676
0.011492,-1.9008
0.011541,-1.8113
0.01159,-1.6842
0.011639,-1.4992
0.011687,-1.2336
0.011711,-1.0723
0.011734,-0.89503
0.011758,-0.71091
0.011781,-0.53112
0.011805,-0.36686
0.011828,-0.22322
0.011852,-0.10152
0.011875,-0.0002621
0.011914,0.13088
0.011953,0.22828
0.011992,0.30221
0.01203,0.35948
0.0121,0.43447
0.012171,0.48568
0.012241,0.52242
0.012311,0.54968
0.012418,0.57843
0.012526,0.59672
0.012633,0.60799
0.012741,0.61425
0.012949,0.61586
0.013157,0.6073
0.013365,0.59128
0.013573,0.56945
0.013906,0.5247
0.014239,0.47101
0.014572,0.41166
0.014905,0.34991
0.015296,0.27859
0.015687,0.21281
0.016079,0.15571
0.01647,0.10887
0.016861,0.072882
0.017252,0.046237
0.017643,0.026927
0.018034,0.014024
0.018426,0.0065128
0.018818,0.0020821
0.01921,-0.0006246
0.019601,-0.0019701
0.019946,-0.0022573
0.020291,-0.0022135
0.020636,-0.0019456
0.020981,-0.0016208
0.021384,-0.0013269
0.021787,-0.0010457
0.02219,-0.0007553
0.022593,-0.00052173
0.023071,-0.00036971
0.023549,-0.00025679
0.024027,-0.00015704
0.024505,-8.8117e-05
0.025133,-5.5189e-05
0.025761,-3.4087e-05
0.026389,-1.2833e-05
0.027017,-1.011e-06
0.027875,-1.5742e-05
0.028733,-1.9712e-05
0.02959,2.9856e-06
0.030448,1.7118e-05
0.031586,-4.0911e-06
0.032725,-1.6899e-05
0.033863,-1.1715e-05
0.035002,1.0138e-05
0.035809,0.0001146
0.036616,0.00014237
0.037424,-1.5055e-05
0.038231,-0.00011622
0.039038,-3.5597e-05
0.039846,3.5354e-06
0.040653,1.5817e-06
0.041461,-1.4716e-05
0.042494,-0.00034442
0.043528,-0.00042472
0.044562,0.00012595
0.045595,0.00042104
0.046697,-0.00026536
0.047798,-0.00059025
0.048899,-0.00014273
0.05,0.00046436
