0,0.2,0.201
1.7678e-08,0.2,0.201
3.5356e-08,0.2,0.201
5.3034e-08,0.2,0.201
7.0712e-08,0.2,0.201
1.591e-07,0.2,0.201
2.4749e-07,0.2,0.201
3.3588e-07,0.19999,0.20099
4.2427e-07,0.19999,0.20099
8.6622e-07,0.19999,0.20099
1.3082e-06,0.19998,0.20098
1.7501e-06,0.19997,0.20097
2.1921e-06,0.19996,0.20096
4.4018e-06,0.19993,0.20093
6.6116e-06,0.19989,0.20089
8.8213e-06,0.19985,0.20086
1.1031e-05,0.19981,0.20082
2.208e-05,0.19963,0.20064
3.3129e-05,0.19944,0.20046
4.4177e-05,0.19926,0.20028
5.5226e-05,0.19908,0.2001
0.00011047,0.19816,0.1992
0.00016571,0.19724,0.19831
0.00022096,0.19634,0.19742
0.0002762,0.19544,0.19654
0.00055242,0.19103,0.19222
0.00082864,0.18678,0.18803
0.0011049,0.18267,0.18396
0.0013811,0.17871,0.17999
0.0025199,0.16392,0.16453
0.0036587,0.15184,0.1497
0.0047975,0.14231,0.13506
0.0059363,0.13461,0.12097
0.0064766,0.13118,0.11489
0.007017,0.12748,0.10972
0.0075574,0.12311,0.10605
0.0080977,0.11761,0.10456
0.0086381,0.11039,0.10603
0.0091785,0.10085,0.11088
0.0097189,0.088326,0.11919
0.010259,0.07207,0.13078
0.010518,0.062732,0.13736
0.010778,0.052248,0.14452
0.011037,0.040558,0.15218
0.011296,0.027737,0.16031
0.011345,0.025207,0.16189
0.011394,0.022657,0.16349
0.011443,0.020099,0.16511
0.011492,0.017558,0.16673
0.011541,0.015072,0.16837
0.01159,0.012702,0.17003
0.011639,0.010583,0.1717
0.011687,0.0089605,0.17338
0.011711,0.0084592,0.17419
0.011734,0.0082001,0.17501
0.011758,0.008212,0.17583
0.011781,0.0085005,0.17665
0.011805,0.0090474,0.17748
0.011828,0.0098155,0.17831
0.011852,0.010765,0.17914
0.011875,0.011859,0.17997
0.011914,0.013895,0.18136
0.011953,0.016146,0.18276
0.011992,0.018552,0.18416
0.01203,0.021072,0.18557
0.0121,0.025848,0.18815
0.012171,0.030867,0.19077
0.012241,0.036096,0.19341
0.012311,0.041502,0.19608
0.012418,0.05011,0.20026
0.012526,0.059104,0.20453
0.012633,0.06848,0.2089
0.012741,0.078236,0.21337
0.012949,0.098179,0.22236
0.013157,0.1196,0.23188
0.013365,0.14253,0.24206
0.013573,0.167,0.25303
0.013906,0.20945,0.27267
0.014239,0.25591,0.29558
0.014572,0.3062,0.32256
0.014905,0.35989,0.35436
0.015296,0.4263,0.39867
0.015687,0.49479,0.45054
0.016079,0.56332,0.50896
0.01647,0.62938,0.57184
0.016861,0.69062,0.63594
0.017252,0.74519,0.6977
0.017643,0.79182,0.75414
0.018034,0.83039,0.80274
0.018426,0.86183,0.84221
0.018818,0.88643,0.87325
0.01921,0.90482,0.8969
0.019601,0.91849,0.91427
0.019946,0.92785,0.92549
0.020291,0.93498,0.93383
0.020636,0.9403,0.93987
0.020981,0.94429,0.94425
0.021384,0.9478,0.94803
0.021787,0.95028,0.95061
0.02219,0.95196,0.95227
0.022593,0.95314,0.95337
0.023071,0.95417,0.95438
0.023549,0.95485,0.95502
0.024027,0.95523,0.95534
0.024505,0.95547,0.95553
0.025133,0.95575,0.9558
0.025761,0.9559,0.95594
0.026389,0.95592,0.95594
0.027017,0.95592,0.95592
0.027875,0.95603,0.95604
0.028733,0.95607,0.95609
0.02959,0.956,0.956
0.030448,0.95596,0.95594
0.031586,0.95627,0.95623
0.032725,0.95636,0.95631
0.033863,0.95591,0.95594
0.035002,0.95568,0.95573
0.035809,0.95604,0.95596
0.036616,0.95619,0.95606
0.037424,0.95596,0.95598
0.038231,0.9558,0.95591
0.039038,0.95597,0.95605
0.039846,0.95605,0.9561
0.040653,0.956,0.95599
0.041461,0.95595,0.95592
0.042494,0.956,0.95631
0.043528,0.95602,0.95642
0.044562,0.95602,0.95592
0.045595,0.95601,0.95562
0.046697,0.95692,0.95618
0.047798,0.95711,0.95643
0.048899,0.95555,0.95608
0.05,0.95486,0.95569
