0,1,0.5
8.3101e-08,1,0.5
1.662e-07,1,0.5
2.493e-07,1,0.5
3.3241e-07,1,0.5
7.4791e-07,1,0.49999
1.1634e-06,1,0.49999
1.5789e-06,1,0.49998
1.9944e-06,1,0.49997
4.072e-06,0.99999,0.49994
6.1495e-06,0.99995,0.49989
8.227e-06,0.99988,0.49984
1.0305e-05,0.99979,0.49978
2.0692e-05,0.99894,0.49934
3.108e-05,0.99749,0.49868
4.1468e-05,0.99546,0.49779
5.1855e-05,0.99286,0.49668
9.7921e-05,0.97506,0.48903
0.00014399,0.94812,0.47689
0.00019005,0.9133,0.46023
0.00023612,0.87156,0.43906
0.00030312,0.79995,0.40033
0.00037013,0.71644,0.35231
0.00043714,0.62163,0.29519
0.00050414,0.51555,0.22921
0.00058165,0.37856,0.14222
0.00065915,0.22571,0.044411
0.00073666,0.057819,-0.062869
0.00081417,-0.12201,-0.1773
0.00087258,-0.262,-0.26622
0.00093099,-0.40067,-0.35501
0.0009894,-0.53236,-0.44106
0.0010478,-0.65124,-0.52145
0.0011062,-0.75171,-0.5932
0.0011646,-0.83021,-0.65365
0.001223,-0.88534,-0.70087
0.0012815,-0.9176,-0.73381
0.0013372,-0.92912,-0.75169
0.001393,-0.92431,-0.75674
0.0014487,-0.90544,-0.74965
0.0015045,-0.87449,-0.73129
0.0015667,-0.82773,-0.69864
0.0016289,-0.76954,-0.65419
0.0016911,-0.70095,-0.59879
0.0017533,-0.62251,-0.53303
0.0018382,-0.4999,-0.42716
0.0019231,-0.35878,-0.30278
0.0020081,-0.19901,-0.16036
0.002093,-0.0216,-0.0012874
0.0021585,0.12548,0.13096
0.002224,0.27728,0.26796
0.0022895,0.42793,0.40479
0.002355,0.57001,0.53521
0.0024205,0.69518,0.65207
0.002486,0.79657,0.74903
0.0025515,0.87026,0.82195
0.002617,0.91546,0.86932
0.0026739,0.93326,0.89045
0.0027309,0.93356,0.89466
0.0027879,0.91871,0.88385
0.0028449,0.89084,0.85988
0.0029114,0.84431,0.81755
0.0029779,0.78458,0.76159
0.0030444,0.71294,0.69335
0.0031109,0.63011,0.61361
0.003196,0.50815,0.49528
0.0032811,0.36762,0.35823
0.0033662,0.20819,0.20228
0.0034513,0.030604,0.028284
0.0035175,-0.11832,-0.11779
0.0035836,-0.27274,-0.26943
0.0036497,-0.42667,-0.42087
0.0037159,-0.57241,-0.56463
0.003782,-0.70114,-0.69211
0.0038481,-0.80547,-0.79599
0.0039142,-0.88117,-0.87194
0.0039804,-0.92736,-0.91891
0.0040368,-0.94513,-0.93754
0.0040932,-0.94555,-0.93887
0.0041496,-0.93097,-0.92516
0.004206,-0.90355,-0.89854
0.0042725,-0.85725,-0.85308
0.004339,-0.79775,-0.7943
0.0044054,-0.7264,-0.72359
0.0044719,-0.64391,-0.64167
0.0045563,-0.52348,-0.52188
0.0046408,-0.38487,-0.38387
0.0047252,-0.22762,-0.2272
0.0048096,-0.052184,-0.052342
0.0048767,0.09891,0.098304
0.0049439,0.25641,0.25539
0.005011,0.41431,0.41294
0.0050781,0.56459,0.56299
0.0051452,0.69788,0.69618
0.0052123,0.80617,0.80452
0.0052794,0.88477,0.88327
0.0053465,0.93264,0.93136
0.0054029,0.95082,0.94974
0.0054593,0.95151,0.95062
0.0055157,0.93711,0.9364
0.005572,0.90982,0.90926
0.0056388,0.8634,0.86299
0.0057055,0.80367,0.80339
0.0057723,0.732,0.73183
0.005839,0.64915,0.64908
0.0059229,0.52958,0.52961
0.0060067,0.39212,0.39224
0.0060906,0.23627,0.23648
0.0061744,0.062373,0.062662
0.0062421,-0.08986,-0.089519
0.0063097,-0.24892,-0.24854
0.0063774,-0.40876,-0.40837
0.006445,-0.56121,-0.56083
0.0065127,-0.6966,-0.69627
0.0065803,-0.80664,-0.80636
0.006648,-0.88641,-0.88621
0.0067156,-0.93484,-0.93471
0.006772,-0.95299,-0.95291
0.0068283,-0.95362,-0.95359
0.0068846,-0.93917,-0.93917
0.006941,-0.91182,-0.91186
0.0070078,-0.86531,-0.86537
0.0070745,-0.80547,-0.80556
0.0071413,-0.73371,-0.73382
0.0072081,-0.65076,-0.65088
0.0072918,-0.5314,-0.53153
0.0073754,-0.39423,-0.39438
0.0074591,-0.23875,-0.2389
0.0075428,-0.065254,-0.065417
0.0076106,0.087337,0.087176
0.0076784,0.24688,0.24672
0.0077462,0.4073,0.40716
0.007814,0.56038,0.56027
0.0078818,0.69639,0.69632
0.0079496,0.80692,0.80688
0.0080174,0.88702,0.88701
0.0080852,0.93558,0.9356
0.0081415,0.9537,0.95373
0.0081978,0.95431,0.95435
0.0082542,0.93983,0.93988
0.0083105,0.91247,0.91253
0.0083773,0.86592,0.86599
0.008444,0.80606,0.80613
0.0085108,0.73428,0.73436
0.0085776,0.65132,0.6514
0.0086612,0.53201,0.53209
0.0087448,0.39493,0.39501
0.0088285,0.23955,0.23963
0.0089121,0.066176,0.066252
0.0089799,-0.08653,-0.086459
0.0090478,-0.24622,-0.24616
0.0091157,-0.40683,-0.40678
0.0091835,-0.56012,-0.56008
0.0092514,-0.69632,-0.6963
0.0093192,-0.80701,-0.807
0.0093871,-0.88721,-0.88722
0.0094549,-0.93582,-0.93583
0.0095112,-0.95392,-0.95394
0.0095675,-0.95452,-0.95455
0.0096238,-0.94003,-0.94006
0.0096802,-0.91266,-0.9127
0.0097469,-0.86611,-0.86614
0.0098137,-0.80624,-0.80628
0.0098805,-0.73446,-0.73449
0.0099473,-0.65149,-0.65153
0.010031,-0.5322,-0.53224
0.010114,-0.39514,-0.39517
0.010198,-0.23979,-0.23982
0.010282,-0.066441,-0.066475
0.01035,0.086299,0.086268
0.010417,0.24603,0.24601
0.010485,0.4067,0.40667
0.010553,0.56005,0.56003
0.010621,0.69631,0.6963
0.010689,0.80704,0.80704
0.010757,0.88727,0.88727
0.010825,0.93589,0.9359
0.010881,0.95399,0.954
0.010937,0.95458,0.9546
0.010994,0.94009,0.94011
0.01105,0.91273,0.91274
0.011117,0.86617,0.86618
0.011183,0.8063,0.80632
0.01125,0.73451,0.73453
0.011317,0.65154,0.65156
0.011401,0.53226,0.53227
0.011484,0.3952,0.39521
0.011568,0.23985,0.23987
0.011651,0.066518,0.066532
0.011719,-0.086232,-0.086219
0.011787,-0.24598,-0.24597
0.011855,-0.40666,-0.40665
0.011923,-0.56003,-0.56002
0.011991,-0.6963,-0.6963
0.012059,-0.80705,-0.80705
0.012127,-0.88729,-0.88729
0.012194,-0.93591,-0.93591
0.012251,-0.95401,-0.95402
0.012307,-0.9546,-0.95461
0.012363,-0.94011,-0.94012
0.01242,-0.91275,-0.91275
0.012486,-0.86619,-0.86619
0.012553,-0.80632,-0.80633
0.01262,-0.73453,-0.73454
0.012687,-0.65156,-0.65156
0.01277,-0.53227,-0.53228
0.012854,-0.39522,-0.39522
0.012938,-0.23987,-0.23988
0.013021,-0.066539,-0.066546
0.013089,0.086214,0.086208
0.013157,0.24597,0.24596
0.013225,0.40665,0.40664
0.013293,0.56002,0.56002
0.01336,0.6963,0.6963
0.013428,0.80705,0.80705
0.013496,0.88729,0.88729
0.013564,0.93592,0.93592
0.01362,0.95402,0.95402
0.013677,0.95461,0.95461
0.013733,0.94012,0.94012
0.013789,0.91275,0.91275
0.013856,0.86619,0.8662
0.013923,0.80632,0.80633
0.01399,0.73453,0.73454
0.014056,0.65156,0.65157
0.01414,0.53228,0.53228
0.014224,0.39522,0.39522
0.014307,0.23988,0.23988
0.014391,0.066546,0.066548
0.014459,-0.086208,-0.086206
0.014527,-0.24596,-0.24596
0.014594,-0.40665,-0.40664
0.014662,-0.56002,-0.56002
0.01473,-0.6963,-0.6963
0.014798,-0.80705,-0.80705
0.014866,-0.8873,-0.8873
0.014934,-0.93592,-0.93592
0.01499,-0.95402,-0.95402
0.015046,-0.95461,-0.95461
0.015103,-0.94012,-0.94012
0.015159,-0.91275,-0.91275
0.015226,-0.86619,-0.8662
0.015293,-0.80633,-0.80633
0.015359,-0.73453,-0.73454
0.015426,-0.65156,-0.65157
0.01551,-0.53228,-0.53228
0.015593,-0.39522,-0.39522
0.015677,-0.23988,-0.23988
0.015761,-0.066547,-0.066548
0.015828,0.086207,0.086206
0.015896,0.24596,0.24596
0.015964,0.40665,0.40664
0.016032,0.56002,0.56002
0.0161,0.6963,0.6963
0.016168,0.80705,0.80705
0.016236,0.8873,0.8873
0.016304,0.93592,0.93592
0.01636,0.95402,0.95402
0.016416,0.95461,0.95461
0.016472,0.94012,0.94012
0.016529,0.91275,0.91275
0.016596,0.8662,0.8662
0.016662,0.80633,0.80633
0.016729,0.73454,0.73454
0.016796,0.65156,0.65156
0.01688,0.53228,0.53228
0.016963,0.39522,0.39522
0.017047,0.23988,0.23988
0.01713,0.066548,0.066548
0.017198,-0.086207,-0.086206
0.017266,-0.24596,-0.24596
0.017334,-0.40664,-0.40664
0.017402,-0.56002,-0.56002
0.01747,-0.6963,-0.6963
0.017538,-0.80705,-0.80705
0.017605,-0.8873,-0.8873
0.017673,-0.93592,-0.93592
0.01773,-0.95402,-0.95402
0.017786,-0.95461,-0.95461
0.017842,-0.94012,-0.94012
0.017899,-0.91275,-0.91275
0.017965,-0.8662,-0.8662
0.018032,-0.80633,-0.80633
0.018099,-0.73454,-0.73454
0.018166,-0.65156,-0.65156
0.018249,-0.53228,-0.53228
0.018333,-0.39522,-0.39522
0.018416,-0.23988,-0.23988
0.0185,-0.066548,-0.066548
0.018568,0.086206,0.086206
0.018636,0.24596,0.24596
0.018704,0.40664,0.40664
0.018772,0.56002,0.56002
0.018839,0.6963,0.6963
0.018907,0.80705,0.80705
0.018975,0.8873,0.8873
0.019043,0.93592,0.93592
0.019099,0.95402,0.95402
0.019156,0.95461,0.95461
0.019212,0.94012,0.94012
0.019268,0.91275,0.91275
0.019335,0.8662,0.8662
0.019402,0.80633,0.80633
0.019469,0.73454,0.73454
0.019535,0.65156,0.65156
0.019619,0.53228,0.53228
0.019703,0.39522,0.39522
0.019786,0.23988,0.23988
0.01987,0.066548,0.066548
0.019902,-0.0054954,-0.0054953
0.019935,-0.079675,-0.079675
0.019967,-0.15556,-0.15556
0.02,-0.23259,-0.23259
